1126,45.04,0,94,0.8291666666666667,0.48518518518518516,0.8442708333333333,0.5138888888888888
1126,45.04,2,37,0.7307291666666667,0.07407407407407407,0.7416666666666667,0.12777777777777777
1126,45.04,2,69,0.671875,0.1388888888888889,0.6890625,0.21481481481481482
1126,45.04,2,93,0.80625,0.4842592592592593,0.8546875,0.6824074074074075
1126,45.04,3,12,0.8958333333333334,0.18796296296296297,0.9890625,0.2824074074074074
1126,45.04,3,13,0.8229166666666666,0.11944444444444445,0.8885416666666667,0.1925925925925926
1126,45.04,3,67,0.7927083333333333,0.10833333333333334,0.8364583333333333,0.15
1126,45.04,3,97,0.5682291666666667,0.011111111111111112,0.646875,0.05277777777777778
1126,45.04,0,60000,0.7307291666666667,0.07407407407407407,0.7416666666666667,0.0875
1126,45.04,0,60000,0.671875,0.1388888888888889,0.6890625,0.15787037037037038
1127,45.08,0,94,0.8276041666666667,0.48148148148148145,0.8432291666666667,0.5101851851851852
1127,45.08,2,37,0.7307291666666667,0.07407407407407407,0.7416666666666667,0.12777777777777777
1127,45.08,2,69,0.6713541666666667,0.13796296296296295,0.6890625,0.21388888888888888
1127,45.08,2,93,0.8046875,0.48055555555555557,0.8536458333333333,0.7027777777777777
1127,45.08,3,12,0.8958333333333334,0.18796296296296297,0.9890625,0.2824074074074074
1127,45.08,3,13,0.8229166666666666,0.12037037037037036,0.8885416666666667,0.1925925925925926
1127,45.08,3,67,0.7927083333333333,0.10833333333333334,0.8364583333333333,0.15
1127,45.08,3,97,0.5666666666666667,0.007407407407407408,0.646875,0.05277777777777778
1127,45.08,0,60000,0.7307291666666667,0.07407407407407407,0.7416666666666667,0.0875
1127,45.08,0,60000,0.6713541666666667,0.13796296296296295,0.6890625,0.15694444444444444
1128,45.12,0,94,0.8276041666666667,0.4777777777777778,0.8427083333333333,0.5055555555555555
1128,45.12,2,37,0.7307291666666667,0.07407407407407407,0.7416666666666667,0.12777777777777777
1128,45.12,2,69,0.6713541666666667,0.13796296296296295,0.6885416666666667,0.21296296296296297
1128,45.12,2,79,0.6635416666666667,0.030555555555555555,0.6739583333333333,0.07685185185185185
1128,45.12,2,93,0.8046875,0.47685185185185186,0.8526041666666667,0.6472222222222223
1128,45.12,3,12,0.8963541666666667,0.18703703703703703,0.9895833333333334,0.2833333333333333
1128,45.12,3,13,0.8234375,0.11851851851851852,0.8890625,0.1925925925925926
1128,45.12,3,67,0.7947916666666667,0.10740740740740741,0.8369791666666667,0.15
1128,45.12,3,97,0.5666666666666667,0.010185185185185186,0.646875,0.05277777777777778
1128,45.12,0,60000,0.7307291666666667,0.07407407407407407,0.7416666666666667,0.0875
1128,45.12,0,60000,0.6713541666666667,0.13796296296296295,0.6885416666666667,0.15671296296296294
1128,45.12,0,60000,0.6635416666666667,0.030555555555555555,0.6739583333333333,0.04212962962962963
1129,45.16,0,94,0.825,0.475,0.8411458333333334,0.5046296296296297
1129,45.16,2,37,0.7307291666666667,0.07407407407407407,0.7416666666666667,0.12777777777777777
1129,45.16,2,69,0.6708333333333333,0.1388888888888889,0.6880208333333333,0.21296296296296297
1129,45.16,2,79,0.6635416666666667,0.030555555555555555,0.6739583333333333,0.07685185185185185
1129,45.16,2,93,0.8041666666666667,0.475,0.8526041666666667,0.6462962962962963
1129,45.16,3,12,0.8963541666666667,0.18703703703703703,0.9895833333333334,0.2833333333333333
1129,45.16,3,13,0.8234375,0.11944444444444445,0.8890625,0.1925925925925926
1129,45.16,3,67,0.7947916666666667,0.10740740740740741,0.8369791666666667,0.15
1129,45.16,3,97,0.5666666666666667,0.010185185185185186,0.646875,0.05277777777777778
1129,45.16,0,60000,0.7307291666666667,0.07407407407407407,0.7416666666666667,0.0875
1129,45.16,0,60000,0.6708333333333333,0.1388888888888889,0.6880208333333333,0.1574074074074074
1129,45.16,0,60000,0.6635416666666667,0.030555555555555555,0.6739583333333333,0.04212962962962963
1130,45.2,0,94,0.8234375,0.4675925925925926,0.8385416666666666,0.4981481481481482
1130,45.2,2,37,0.7307291666666667,0.07407407407407407,0.7416666666666667,0.12777777777777777
1130,45.2,2,69,0.6703125,0.1388888888888889,0.6875,0.21203703703703702
1130,45.2,2,79,0.6635416666666667,0.030555555555555555,0.6739583333333333,0.07685185185185185
1130,45.2,2,93,0.8026041666666667,0.4675925925925926,0.8489583333333334,0.6370370370370371
1130,45.2,3,12,0.8963541666666667,0.18703703703703703,0.9895833333333334,0.2833333333333333
1130,45.2,3,13,0.8234375,0.11944444444444445,0.8890625,0.1925925925925926
1130,45.2,3,67,0.7947916666666667,0.10740740740740741,0.8369791666666667,0.15
1130,45.2,3,97,0.5630208333333333,0.004629629629629629,0.6484375,0.053703703703703705
1130,45.2,0,60000,0.7307291666666667,0.07407407407407407,0.7416666666666667,0.0875
1130,45.2,0,60000,0.6703125,0.1388888888888889,0.6875,0.15717592592592594
1130,45.2,0,60000,0.6635416666666667,0.030555555555555555,0.6739583333333333,0.04212962962962963
1131,45.24,0,94,0.821875,0.4648148148148148,0.8375,0.49444444444444446
1131,45.24,2,37,0.7307291666666667,0.07407407407407407,0.7416666666666667,0.12777777777777777
1131,45.24,2,69,0.6703125,0.1388888888888889,0.6875,0.21203703703703702
1131,45.24,2,93,0.8026041666666667,0.4648148148148148,0.8484375,0.6444444444444445
1131,45.24,3,12,0.8963541666666667,0.18703703703703703,0.9895833333333334,0.2833333333333333
1131,45.24,3,13,0.8234375,0.11851851851851852,0.8890625,0.1925925925925926
1131,45.24,3,67,0.7947916666666667,0.10740740740740741,0.8369791666666667,0.15
1131,45.24,3,97,0.5625,0.007407407407407408,0.6489583333333333,0.053703703703703705
1131,45.24,0,60000,0.7307291666666667,0.07407407407407407,0.7416666666666667,0.0875
1131,45.24,0,60000,0.6703125,0.1388888888888889,0.6875,0.15717592592592594
1132,45.28,0,94,0.8208333333333333,0.4638888888888889,0.8364583333333333,0.4925925925925926
1132,45.28,2,37,0.7307291666666667,0.07407407407407407,0.7416666666666667,0.12777777777777777
1132,45.28,2,69,0.6703125,0.1388888888888889,0.6875,0.21296296296296297
1132,45.28,2,93,0.8010416666666667,0.4638888888888889,0.8473958333333333,0.65
1132,45.28,3,12,0.8963541666666667,0.18703703703703703,0.9895833333333334,0.2833333333333333
1132,45.28,3,13,0.8234375,0.11944444444444445,0.8890625,0.1925925925925926
1132,45.28,3,67,0.7947916666666667,0.10740740740740741,0.8369791666666667,0.15
1132,45.28,0,60000,0.7307291666666667,0.07407407407407407,0.7416666666666667,0.0875
1132,45.28,0,60000,0.6703125,0.1388888888888889,0.6875,0.1574074074074074
1133,45.32,0,94,0.8192708333333333,0.462037037037037,0.8348958333333333,0.4888888888888889
1133,45.32,2,37,0.7307291666666667,0.07407407407407407,0.7416666666666667,0.12777777777777777
1133,45.32,2,69,0.6703125,0.13796296296296295,0.6875,0.21388888888888888
1133,45.32,2,93,0.8005208333333333,0.46111111111111114,0.8458333333333333,0.6296296296296297
1133,45.32,3,12,0.8963541666666667,0.18703703703703703,0.9901041666666667,0.2833333333333333
1133,45.32,3,13,0.8234375,0.11851851851851852,0.8890625,0.1925925925925926
1133,45.32,3,67,0.7947916666666667,0.10740740740740741,0.8369791666666667,0.15
1133,45.32,3,97,0.5630208333333333,0.007407407407407408,0.65,0.053703703703703705
1133,45.32,0,60000,0.7307291666666667,0.07407407407407407,0.7416666666666667,0.0875
1133,45.32,0,60000,0.6703125,0.13796296296296295,0.6875,0.15694444444444444
1134,45.36,0,94,0.8182291666666667,0.45925925925925926,0.8338541666666667,0.48703703703703705
1134,45.36,2,37,0.7307291666666667,0.07407407407407407,0.7416666666666667,0.12777777777777777
1134,45.36,2,69,0.6703125,0.13796296296296295,0.6869791666666667,0.21296296296296297
1134,45.36,2,93,0.7989583333333333,0.4583333333333333,0.8453125,0.6398148148148148
1134,45.36,3,12,0.8963541666666667,0.18703703703703703,0.9901041666666667,0.2833333333333333
1134,45.36,3,13,0.8234375,0.11851851851851852,0.8890625,0.1925925925925926
1134,45.36,3,67,0.7947916666666667,0.10740740740740741,0.8369791666666667,0.15
1134,45.36,3,97,0.5630208333333333,0.008333333333333333,0.6515625,0.053703703703703705
1134,45.36,0,60000,0.7307291666666667,0.07407407407407407,0.7416666666666667,0.0875
1134,45.36,0,60000,0.6703125,0.13796296296296295,0.6869791666666667,0.15671296296296294
1135,45.4,0,94,0.815625,0.45555555555555555,0.8307291666666666,0.4824074074074074
1135,45.4,2,37,0.7307291666666667,0.07407407407407407,0.7416666666666667,0.12777777777777777
1135,45.4,2,69,0.6703125,0.13796296296296295,0.6869791666666667,0.21296296296296297
1135,45.4,2,79,0.6635416666666667,0.030555555555555555,0.6739583333333333,0.07685185185185185
1135,45.4,2,93,0.7958333333333333,0.4546296296296296,0.8416666666666667,0.6287037037037037
1135,45.4,3,12,0.8963541666666667,0.18703703703703703,0.9901041666666667,0.2833333333333333
1135,45.4,3,13,0.8234375,0.11851851851851852,0.8890625,0.1925925925925926
1135,45.4,3,67,0.7947916666666667,0.10740740740740741,0.8369791666666667,0.15
1135,45.4,3,97,0.5630208333333333,0.008333333333333333,0.6515625,0.053703703703703705
1135,45.4,0,60000,0.7307291666666667,0.07407407407407407,0.7416666666666667,0.0875
1135,45.4,0,60000,0.6703125,0.13796296296296295,0.6869791666666667,0.15671296296296294
1135,45.4,0,60000,0.6635416666666667,0.030555555555555555,0.6739583333333333,0.04212962962962963
1136,45.44,0,94,0.8145833333333333,0.4527777777777778,0.8291666666666667,0.4787037037037037
1136,45.44,2,37,0.7307291666666667,0.07407407407407407,0.7416666666666667,0.12777777777777777
1136,45.44,2,69,0.6703125,0.1361111111111111,0.6869791666666667,0.21388888888888888
1136,45.44,2,79,0.6635416666666667,0.030555555555555555,0.6739583333333333,0.07685185185185185
1136,45.44,2,93,0.7942708333333334,0.45185185185185184,0.8401041666666667,0.6222222222222222
1136,45.44,3,12,0.8963541666666667,0.18703703703703703,0.9901041666666667,0.2833333333333333
1136,45.44,3,13,0.8234375,0.11851851851851852,0.8890625,0.1925925925925926
1136,45.44,3,67,0.7947916666666667,0.10740740740740741,0.8369791666666667,0.15
1136,45.44,3,97,0.5625,0.009259259259259259,0.6526041666666667,0.053703703703703705
1136,45.44,0,60000,0.7307291666666667,0.07407407407407407,0.7416666666666667,0.0875
1136,45.44,0,60000,0.6703125,0.1361111111111111,0.6869791666666667,0.15555555555555556
1136,45.44,0,60000,0.6635416666666667,0.030555555555555555,0.6739583333333333,0.04212962962962963
1137,45.48,0,94,0.8130208333333333,0.45,0.8276041666666667,0.4759259259259259
1137,45.48,0,99,0.5984375,0.8731481481481481,0.6270833333333333,0.9287037037037037
1137,45.48,2,37,0.7307291666666667,0.07407407407407407,0.7416666666666667,0.12777777777777777
1137,45.48,2,69,0.6697916666666667,0.1361111111111111,0.6864583333333333,0.21296296296296297
1137,45.48,2,79,0.6635416666666667,0.030555555555555555,0.6739583333333333,0.07685185185185185
1137,45.48,2,93,0.7921875,0.44907407407407407,0.8390625,0.625
1137,45.48,2,100,0.5739583333333333,0.8722222222222222,0.65,0.9981481481481481
1137,45.48,3,12,0.8963541666666667,0.18703703703703703,0.9901041666666667,0.2833333333333333
1137,45.48,3,13,0.8234375,0.11851851851851852,0.8890625,0.1925925925925926
1137,45.48,3,67,0.7947916666666667,0.10740740740740741,0.8369791666666667,0.15
1137,45.48,3,97,0.5625,0.008333333333333333,0.653125,0.053703703703703705
1137,45.48,0,60000,0.7307291666666667,0.07407407407407407,0.7416666666666667,0.0875
1137,45.48,0,60000,0.6697916666666667,0.1361111111111111,0.6864583333333333,0.15532407407407406
1137,45.48,0,60000,0.6635416666666667,0.030555555555555555,0.6739583333333333,0.04212962962962963
1138,45.52,0,94,0.8119791666666667,0.4462962962962963,0.8260416666666667,0.47314814814814815
1138,45.52,0,99,0.6,0.8537037037037037,0.6270833333333333,0.9055555555555556
1138,45.52,2,37,0.7307291666666667,0.07407407407407407,0.7416666666666667,0.12777777777777777
1138,45.52,2,69,0.6697916666666667,0.1361111111111111,0.6869791666666667,0.21296296296296297
1138,45.52,2,93,0.7901041666666667,0.4462962962962963,0.8380208333333333,0.6203703703703703
1138,45.52,2,100,0.5760416666666667,0.8537037037037037,0.6505208333333333,0.9981481481481481
1138,45.52,3,12,0.8963541666666667,0.18703703703703703,0.9901041666666667,0.2833333333333333
1138,45.52,3,13,0.8234375,0.11944444444444445,0.8890625,0.1925925925925926
1138,45.52,3,67,0.7947916666666667,0.10740740740740741,0.8369791666666667,0.15
1138,45.52,3,97,0.5625,0.008333333333333333,0.653125,0.053703703703703705
1138,45.52,0,60000,0.7307291666666667,0.07407407407407407,0.7416666666666667,0.0875
1138,45.52,0,60000,0.6697916666666667,0.1361111111111111,0.6869791666666667,0.15532407407407406
1139,45.56,0,94,0.8104166666666667,0.44722222222222224,0.8244791666666667,0.4722222222222222
1139,45.56,0,99,0.6005208333333333,0.8351851851851851,0.6276041666666666,0.8870370370370371
1139,45.56,2,37,0.7307291666666667,0.07407407407407407,0.7416666666666667,0.12777777777777777
1139,45.56,2,69,0.6703125,0.13518518518518519,0.6859375,0.21203703703703702
1139,45.56,2,93,0.7890625,0.44722222222222224,0.8359375,0.6092592592592593
1139,45.56,2,100,0.5776041666666667,0.8333333333333334,0.6505208333333333,0.9981481481481481
1139,45.56,3,12,0.8963541666666667,0.18703703703703703,0.9901041666666667,0.2833333333333333
1139,45.56,3,13,0.8234375,0.11944444444444445,0.8885416666666667,0.1925925925925926
1139,45.56,3,67,0.7947916666666667,0.10740740740740741,0.8369791666666667,0.15
1139,45.56,3,97,0.5630208333333333,0.007407407407407408,0.6546875,0.05462962962962963
1139,45.56,0,60000,0.7307291666666667,0.07407407407407407,0.7416666666666667,0.0875
1139,45.56,0,60000,0.6703125,0.13518518518518519,0.6859375,0.15439814814814815
1140,45.6,0,94,0.8067708333333333,0.4388888888888889,0.8213541666666667,0.4648148148148148
1140,45.6,0,99,0.6026041666666667,0.8,0.6286458333333333,0.8490740740740741
1140,45.6,2,37,0.7307291666666667,0.07407407407407407,0.7416666666666667,0.12777777777777777
1140,45.6,2,69,0.6703125,0.13333333333333333,0.6854166666666667,0.2111111111111111
1140,45.6,2,79,0.6635416666666667,0.030555555555555555,0.6739583333333333,0.07685185185185185
1140,45.6,2,93,0.7927083333333333,0.4388888888888889,0.8333333333333334,0.5953703703703703
1140,45.6,2,100,0.5755208333333334,0.8,0.6505208333333333,0.9990740740740741
1140,45.6,3,12,0.8963541666666667,0.18703703703703703,0.9901041666666667,0.2833333333333333
1140,45.6,3,13,0.8234375,0.11851851851851852,0.8890625,0.1925925925925926
1140,45.6,3,67,0.7947916666666667,0.10740740740740741,0.8375,0.15092592592592594
1140,45.6,0,60000,0.7307291666666667,0.07407407407407407,0.7416666666666667,0.0875
1140,45.6,0,60000,0.6703125,0.13333333333333333,0.6854166666666667,0.1527777777777778
1140,45.6,0,60000,0.6635416666666667,0.030555555555555555,0.6739583333333333,0.04212962962962963
1141,45.64,0,94,0.8041666666666667,0.4361111111111111,0.8192708333333333,0.46296296296296297
1141,45.64,0,99,0.6036458333333333,0.7814814814814814,0.628125,0.8324074074074074
1141,45.64,2,37,0.7307291666666667,0.07407407407407407,0.7416666666666667,0.12777777777777777
1141,45.64,2,69,0.6703125,0.13333333333333333,0.6854166666666667,0.21296296296296297
1141,45.64,2,79,0.6635416666666667,0.030555555555555555,0.6739583333333333,0.07685185185185185
1141,45.64,2,93,0.7875,0.4351851851851852,0.8322916666666667,0.6037037037037037
1141,45.64,2,100,0.5791666666666667,0.7805555555555556,0.6515625,1.0
1141,45.64,3,12,0.8963541666666667,0.18703703703703703,0.9895833333333334,0.2833333333333333
1141,45.64,3,13,0.8234375,0.11851851851851852,0.8890625,0.1925925925925926
1141,45.64,3,67,0.7947916666666667,0.10740740740740741,0.8375,0.15092592592592594
1141,45.64,0,60000,0.7307291666666667,0.07407407407407407,0.7416666666666667,0.0875
1141,45.64,0,60000,0.6703125,0.13333333333333333,0.6854166666666667,0.15324074074074073
1141,45.64,0,60000,0.6635416666666667,0.030555555555555555,0.6739583333333333,0.04212962962962963
1142,45.68,0,94,0.803125,0.4351851851851852,0.8182291666666667,0.4601851851851852
1142,45.68,0,99,0.603125,0.7638888888888888,0.628125,0.812962962962963
1142,45.68,2,37,0.7307291666666667,0.07407407407407407,0.7416666666666667,0.12777777777777777
1142,45.68,2,69,0.6703125,0.13333333333333333,0.6854166666666667,0.21203703703703702
1142,45.68,2,79,0.6645833333333333,0.028703703703703703,0.6734375,0.06481481481481481
1142,45.68,2,93,0.7875,0.43425925925925923,0.8307291666666666,0.6083333333333333
1142,45.68,2,100,0.5807291666666666,0.7638888888888888,0.6505208333333333,0.9972222222222222
1142,45.68,3,12,0.8963541666666667,0.18703703703703703,0.9895833333333334,0.2833333333333333
1142,45.68,3,13,0.8234375,0.11851851851851852,0.8890625,0.1925925925925926
1142,45.68,3,67,0.7947916666666667,0.10740740740740741,0.8375,0.15092592592592594
1142,45.68,3,97,0.5625,0.007407407407407408,0.6552083333333333,0.05462962962962963
1142,45.68,0,60000,0.7307291666666667,0.07407407407407407,0.7416666666666667,0.0875
1142,45.68,0,60000,0.6703125,0.13333333333333333,0.6854166666666667,0.15300925925925926
1142,45.68,0,60000,0.6645833333333333,0.028703703703703703,0.6734375,0.03773148148148148
1143,45.72,0,94,0.8015625,0.4305555555555556,0.8161458333333333,0.4564814814814815
1143,45.72,0,99,0.6036458333333333,0.7472222222222222,0.628125,0.7944444444444444
1143,45.72,2,37,0.7307291666666667,0.07407407407407407,0.7416666666666667,0.12777777777777777
1143,45.72,2,69,0.6697916666666667,0.13333333333333333,0.6854166666666667,0.21203703703703702
1143,45.72,2,79,0.6645833333333333,0.028703703703703703,0.6734375,0.06481481481481481
1143,45.72,2,93,0.7864583333333334,0.42962962962962964,0.8286458333333333,0.5990740740740741
1143,45.72,2,100,0.5822916666666667,0.7472222222222222,0.6494791666666667,0.9888888888888889
1143,45.72,3,12,0.8963541666666667,0.18703703703703703,0.9895833333333334,0.2833333333333333
1143,45.72,3,13,0.8234375,0.11851851851851852,0.8890625,0.1925925925925926
1143,45.72,3,67,0.7947916666666667,0.10740740740740741,0.8375,0.15092592592592594
1143,45.72,0,60000,0.7307291666666667,0.07407407407407407,0.7416666666666667,0.0875
1143,45.72,0,60000,0.6697916666666667,0.13333333333333333,0.6854166666666667,0.15300925925925926
1143,45.72,0,60000,0.6645833333333333,0.028703703703703703,0.6734375,0.03773148148148148
1144,45.76,0,94,0.8,0.4287037037037037,0.8151041666666666,0.45555555555555555
1144,45.76,0,99,0.6046875,0.7314814814814815,0.6286458333333333,0.7777777777777778
1144,45.76,2,37,0.7307291666666667,0.07407407407407407,0.7416666666666667,0.12777777777777777
1144,45.76,2,69,0.6697916666666667,0.13333333333333333,0.6854166666666667,0.21203703703703702
1144,45.76,2,79,0.6645833333333333,0.02962962962962963,0.6739583333333333,0.06481481481481481
1144,45.76,2,93,0.784375,0.42777777777777776,0.8276041666666667,0.5888888888888889
1144,45.76,2,100,0.5833333333333334,0.7305555555555555,0.6505208333333333,0.9657407407407408
1144,45.76,3,12,0.8963541666666667,0.18703703703703703,0.9895833333333334,0.2833333333333333
1144,45.76,3,13,0.8234375,0.11851851851851852,0.8890625,0.1925925925925926
1144,45.76,3,67,0.7953125,0.10740740740740741,0.8375,0.15092592592592594
1144,45.76,0,60000,0.7307291666666667,0.07407407407407407,0.7416666666666667,0.0875
1144,45.76,0,60000,0.6697916666666667,0.13333333333333333,0.6854166666666667,0.15300925925925926
1144,45.76,0,60000,0.6645833333333333,0.02962962962962963,0.6739583333333333,0.038425925925925926
1145,45.8,0,94,0.7973958333333333,0.42592592592592593,0.8125,0.4527777777777778
1145,45.8,0,99,0.6057291666666667,0.7046296296296296,0.6291666666666667,0.75
1145,45.8,2,37,0.7307291666666667,0.07407407407407407,0.7416666666666667,0.12777777777777777
1145,45.8,2,69,0.6692708333333334,0.13333333333333333,0.684375,0.2101851851851852
1145,45.8,2,79,0.6645833333333333,0.02962962962962963,0.6739583333333333,0.06574074074074074
1145,45.8,2,93,0.7828125,0.42592592592592593,0.8239583333333333,0.5814814814814815
1145,45.8,2,100,0.584375,0.7037037037037037,0.6489583333333333,0.9453703703703704
1145,45.8,3,12,0.8963541666666667,0.18703703703703703,0.9895833333333334,0.2833333333333333
1145,45.8,3,13,0.8234375,0.11851851851851852,0.8890625,0.1925925925925926
1145,45.8,3,67,0.7953125,0.10740740740740741,0.8375,0.15092592592592594
1145,45.8,3,97,0.5635416666666667,0.009259259259259259,0.6567708333333333,0.053703703703703705
1145,45.8,0,60000,0.7307291666666667,0.07407407407407407,0.7416666666666667,0.0875
1145,45.8,0,60000,0.6692708333333334,0.13333333333333333,0.684375,0.1525462962962963
1145,45.8,0,60000,0.6645833333333333,0.02962962962962963,0.6739583333333333,0.038657407407407404
1146,45.84,0,94,0.7958333333333333,0.42407407407407405,0.8104166666666667,0.45
1146,45.84,0,99,0.60625,0.6916666666666667,0.6291666666666667,0.737037037037037
1146,45.84,2,37,0.7307291666666667,0.07407407407407407,0.7416666666666667,0.12777777777777777
1146,45.84,2,69,0.66875,0.13333333333333333,0.684375,0.20925925925925926
1146,45.84,2,93,0.7817708333333333,0.42314814814814816,0.8229166666666666,0.5796296296296296
1146,45.84,2,100,0.5848958333333333,0.6907407407407408,0.6484375,0.9731481481481481
1146,45.84,3,12,0.8963541666666667,0.18703703703703703,0.9895833333333334,0.2833333333333333
1146,45.84,3,13,0.8234375,0.11851851851851852,0.8890625,0.1925925925925926
1146,45.84,3,67,0.7953125,0.10740740740740741,0.8369791666666667,0.15092592592592594
1146,45.84,3,97,0.5630208333333333,0.009259259259259259,0.6572916666666667,0.053703703703703705
1146,45.84,0,60000,0.7307291666666667,0.07407407407407407,0.7416666666666667,0.0875
1146,45.84,0,60000,0.66875,0.13333333333333333,0.684375,0.15231481481481482
1147,45.88,0,94,0.7953125,0.42314814814814816,0.809375,0.44722222222222224
1147,45.88,0,99,0.6067708333333334,0.6777777777777778,0.6291666666666667,0.7231481481481481
1147,45.88,2,69,0.66875,0.13148148148148148,0.684375,0.2111111111111111
1147,45.88,2,79,0.6645833333333333,0.02962962962962963,0.6739583333333333,0.06574074074074074
1147,45.88,2,93,0.7791666666666667,0.4222222222222222,0.821875,0.575925925925926
1147,45.88,2,100,0.5869791666666667,0.6777777777777778,0.6489583333333333,0.9490740740740741
1147,45.88,3,12,0.8963541666666667,0.18703703703703703,0.9895833333333334,0.2833333333333333
1147,45.88,3,13,0.8234375,0.11851851851851852,0.8890625,0.1925925925925926
1147,45.88,3,67,0.7953125,0.10740740740740741,0.8375,0.15092592592592594
1147,45.88,3,97,0.5630208333333333,0.008333333333333333,0.6583333333333333,0.053703703703703705
1147,45.88,0,60000,0.66875,0.13148148148148148,0.684375,0.15138888888888888
1147,45.88,0,60000,0.6645833333333333,0.02962962962962963,0.6739583333333333,0.038657407407407404
1148,45.92,0,94,0.79375,0.41944444444444445,0.8078125,0.44351851851851853
1148,45.92,0,99,0.6072916666666667,0.6638888888888889,0.6296875,0.7083333333333334
1148,45.92,2,69,0.66875,0.13148148148148148,0.684375,0.2101851851851852
1148,45.92,2,93,0.7796875,0.41944444444444445,0.8208333333333333,0.575
1148,45.92,2,100,0.5869791666666667,0.662962962962963,0.6494791666666667,0.8935185185185185
1148,45.92,3,12,0.8963541666666667,0.18703703703703703,0.9895833333333334,0.2833333333333333
1148,45.92,3,13,0.8234375,0.11851851851851852,0.8890625,0.1925925925925926
1148,45.92,3,67,0.7953125,0.10740740740740741,0.8375,0.15092592592592594
1148,45.92,3,97,0.5635416666666667,0.009259259259259259,0.6583333333333333,0.053703703703703705
1148,45.92,0,60000,0.66875,0.13148148148148148,0.684375,0.1511574074074074
1149,45.96,0,94,0.7921875,0.41759259259259257,0.8052083333333333,0.4425925925925926
1149,45.96,0,99,0.6072916666666667,0.649074074074074,0.6296875,0.6916666666666667
1149,45.96,2,69,0.6682291666666667,0.13148148148148148,0.684375,0.2101851851851852
1149,45.96,2,93,0.7770833333333333,0.4166666666666667,0.8177083333333334,0.5768518518518518
1149,45.96,2,100,0.5875,0.6481481481481481,0.6484375,0.8703703703703703
1149,45.96,3,12,0.8963541666666667,0.18703703703703703,0.9895833333333334,0.2833333333333333
1149,45.96,3,13,0.8234375,0.11851851851851852,0.8890625,0.1925925925925926
1149,45.96,3,67,0.7953125,0.10740740740740741,0.8375,0.15092592592592594
1149,45.96,3,97,0.5630208333333333,0.009259259259259259,0.6583333333333333,0.053703703703703705
1149,45.96,0,60000,0.6682291666666667,0.13148148148148148,0.684375,0.1511574074074074
1150,46.0,0,94,0.7885416666666667,0.41203703703703703,0.803125,0.4388888888888889
1150,46.0,0,99,0.6078125,0.6222222222222222,0.6302083333333334,0.6648148148148149
1150,46.0,2,69,0.6677083333333333,0.13148148148148148,0.6838541666666667,0.2101851851851852
1150,46.0,2,93,0.7729166666666667,0.4111111111111111,0.8140625,0.5703703703703704
1150,46.0,2,100,0.5890625,0.6203703703703703,0.6494791666666667,0.8444444444444444
1150,46.0,3,12,0.8963541666666667,0.18703703703703703,0.9895833333333334,0.2833333333333333
1150,46.0,3,13,0.8234375,0.11944444444444445,0.8890625,0.1925925925925926
1150,46.0,3,67,0.79375,0.10833333333333334,0.8369791666666667,0.15092592592592594
1150,46.0,3,97,0.5640625,0.011111111111111112,0.659375,0.053703703703703705
1150,46.0,0,60000,0.6677083333333333,0.13148148148148148,0.6838541666666667,0.1511574074074074
1151,46.04,0,94,0.7859375,0.4101851851851852,0.8005208333333333,0.4351851851851852
1151,46.04,0,99,0.6083333333333333,0.612037037037037,0.6296875,0.6546296296296297
1151,46.04,2,69,0.6671875,0.13148148148148148,0.6828125,0.20925925925925926
1151,46.04,2,79,0.6645833333333333,0.02962962962962963,0.6739583333333333,0.06574074074074074
1151,46.04,2,93,0.771875,0.40925925925925927,0.8130208333333333,0.5601851851851852
1151,46.04,2,100,0.5895833333333333,0.6111111111111112,0.6479166666666667,0.8296296296296296
1151,46.04,3,12,0.8963541666666667,0.18796296296296297,0.9895833333333334,0.2833333333333333
1151,46.04,3,13,0.8229166666666666,0.11944444444444445,0.8890625,0.1925925925925926
1151,46.04,3,67,0.7921875,0.10833333333333334,0.8375,0.15092592592592594
1151,46.04,3,97,0.5635416666666667,0.012037037037037037,0.6598958333333333,0.053703703703703705
1151,46.04,0,60000,0.6671875,0.13148148148148148,0.6828125,0.1509259259259259
1151,46.04,0,60000,0.6645833333333333,0.02962962962962963,0.6739583333333333,0.038657407407407404
1152,46.08,0,94,0.7854166666666667,0.40925925925925927,0.7994791666666666,0.43333333333333335
1152,46.08,0,99,0.6088541666666667,0.5990740740740741,0.6307291666666667,0.6425925925925926
1152,46.08,2,69,0.6671875,0.12962962962962962,0.6822916666666666,0.20833333333333334
1152,46.08,2,93,0.7723958333333333,0.40925925925925927,0.8125,0.5731481481481482
1152,46.08,2,100,0.5890625,0.5990740740740741,0.6479166666666667,0.8453703703703703
1152,46.08,3,12,0.8963541666666667,0.18703703703703703,0.9901041666666667,0.2814814814814815
1152,46.08,3,13,0.8239583333333333,0.1175925925925926,0.8875,0.1925925925925926
1152,46.08,3,67,0.7770833333333333,0.08148148148148149,0.8307291666666666,0.14814814814814814
1152,46.08,3,97,0.5635416666666667,0.012037037037037037,0.6598958333333333,0.053703703703703705
1152,46.08,0,60000,0.6671875,0.12962962962962962,0.6822916666666666,0.14930555555555555
1153,46.12,0,94,0.784375,0.4083333333333333,0.7979166666666667,0.43148148148148147
1153,46.12,0,99,0.6088541666666667,0.5916666666666667,0.6302083333333334,0.6324074074074074
1153,46.12,2,69,0.6666666666666666,0.12962962962962962,0.6817708333333333,0.2064814814814815
1153,46.12,2,93,0.7708333333333334,0.4074074074074074,0.8098958333333334,0.5611111111111111
1153,46.12,2,100,0.5901041666666667,0.5916666666666667,0.646875,0.8064814814814815
1153,46.12,3,12,0.8963541666666667,0.18703703703703703,0.9901041666666667,0.2814814814814815
1153,46.12,3,13,0.8239583333333333,0.1175925925925926,0.8875,0.1925925925925926
1153,46.12,3,67,0.7770833333333333,0.08148148148148149,0.8307291666666666,0.14814814814814814
1153,46.12,3,97,0.5635416666666667,0.012037037037037037,0.6598958333333333,0.053703703703703705
1153,46.12,0,60000,0.6666666666666666,0.12962962962962962,0.6817708333333333,0.14884259259259258
1154,46.16,0,94,0.7828125,0.4064814814814815,0.7963541666666667,0.42962962962962964
1154,46.16,0,99,0.6098958333333333,0.5805555555555556,0.6296875,0.6194444444444445
1154,46.16,2,69,0.6661458333333333,0.12962962962962962,0.6817708333333333,0.2064814814814815
1154,46.16,2,93,0.76875,0.4064814814814815,0.8083333333333333,0.5592592592592592
1154,46.16,2,100,0.5901041666666667,0.5796296296296296,0.6479166666666667,0.8064814814814815
1154,46.16,3,12,0.8963541666666667,0.18703703703703703,0.9901041666666667,0.2814814814814815
1154,46.16,3,13,0.8239583333333333,0.1175925925925926,0.8875,0.1925925925925926
1154,46.16,3,67,0.7770833333333333,0.08148148148148149,0.8307291666666666,0.14814814814814814
1154,46.16,3,97,0.5635416666666667,0.012037037037037037,0.6598958333333333,0.053703703703703705
1154,46.16,0,60000,0.6661458333333333,0.12962962962962962,0.6817708333333333,0.14884259259259258
1155,46.2,0,94,0.7776041666666667,0.4009259259259259,0.7927083333333333,0.42685185185185187
1155,46.2,0,99,0.6109375,0.5583333333333333,0.6307291666666667,0.5962962962962963
1155,46.2,0,101,0.6677083333333333,0.13055555555555556,0.675,0.14351851851851852
1155,46.2,2,69,0.665625,0.13055555555555556,0.6817708333333333,0.20462962962962963
1155,46.2,2,79,0.6645833333333333,0.02962962962962963,0.6739583333333333,0.06574074074074074
1155,46.2,2,93,0.7651041666666667,0.4009259259259259,0.803125,0.5564814814814815
1155,46.2,2,100,0.5927083333333333,0.5574074074074075,0.646875,0.7805555555555556
1155,46.2,3,12,0.8963541666666667,0.18703703703703703,0.9901041666666667,0.2814814814814815
1155,46.2,3,13,0.8239583333333333,0.1175925925925926,0.8875,0.1925925925925926
1155,46.2,3,67,0.7770833333333333,0.08148148148148149,0.8307291666666666,0.14814814814814814
1155,46.2,3,97,0.5635416666666667,0.012037037037037037,0.6598958333333333,0.053703703703703705
1155,46.2,0,60000,0.6645833333333333,0.02962962962962963,0.6739583333333333,0.038657407407407404
1156,46.24,0,94,0.7770833333333333,0.3990740740740741,0.7916666666666666,0.42592592592592593
1156,46.24,0,99,0.6114583333333333,0.5481481481481482,0.6307291666666667,0.5861111111111111
1156,46.24,0,101,0.6677083333333333,0.13055555555555556,0.6744791666666666,0.14351851851851852
1156,46.24,2,69,0.665625,0.13055555555555556,0.6807291666666667,0.20462962962962963
1156,46.24,2,79,0.6645833333333333,0.02962962962962963,0.6739583333333333,0.06574074074074074
1156,46.24,2,93,0.7619791666666667,0.3990740740740741,0.8026041666666667,0.5518518518518518
1156,46.24,2,100,0.5932291666666667,0.5472222222222223,0.6463541666666667,0.7592592592592593
1156,46.24,3,12,0.8963541666666667,0.18703703703703703,0.9901041666666667,0.2814814814814815
1156,46.24,3,13,0.8239583333333333,0.1175925925925926,0.8875,0.1925925925925926
1156,46.24,3,67,0.7770833333333333,0.08148148148148149,0.8307291666666666,0.14814814814814814
1156,46.24,3,97,0.5635416666666667,0.012037037037037037,0.6598958333333333,0.053703703703703705
1156,46.24,0,60000,0.6645833333333333,0.02962962962962963,0.6739583333333333,0.038657407407407404
1157,46.28,0,94,0.7760416666666666,0.39444444444444443,0.790625,0.4203703703703704
1157,46.28,0,99,0.6119791666666666,0.5388888888888889,0.6317708333333333,0.575
1157,46.28,0,101,0.6677083333333333,0.13055555555555556,0.6744791666666666,0.14351851851851852
1157,46.28,2,69,0.6651041666666667,0.13055555555555556,0.6802083333333333,0.2037037037037037
1157,46.28,2,79,0.6645833333333333,0.02962962962962963,0.6739583333333333,0.06574074074074074
1157,46.28,2,93,0.7604166666666666,0.39444444444444443,0.8010416666666667,0.549074074074074
1157,46.28,2,100,0.59375,0.537962962962963,0.6463541666666667,0.7583333333333333
1157,46.28,3,12,0.8963541666666667,0.18703703703703703,0.9901041666666667,0.2814814814814815
1157,46.28,3,13,0.8239583333333333,0.1175925925925926,0.8875,0.1925925925925926
1157,46.28,3,67,0.7770833333333333,0.08148148148148149,0.8307291666666666,0.14814814814814814
1157,46.28,3,97,0.5635416666666667,0.012037037037037037,0.6598958333333333,0.053703703703703705
1157,46.28,0,60000,0.6645833333333333,0.02962962962962963,0.6739583333333333,0.038657407407407404
1158,46.32,0,94,0.7744791666666667,0.39166666666666666,0.7890625,0.4166666666666667
1158,46.32,0,99,0.6119791666666666,0.5296296296296297,0.63125,0.5666666666666667
1158,46.32,0,101,0.6677083333333333,0.13148148148148148,0.6744791666666666,0.14351851851851852
1158,46.32,2,69,0.6645833333333333,0.13055555555555556,0.6807291666666667,0.20462962962962963
1158,46.32,2,79,0.6635416666666667,0.03888888888888889,0.6723958333333333,0.07407407407407407
1158,46.32,2,93,0.7583333333333333,0.3907407407407407,0.7984375,0.5472222222222223
1158,46.32,2,100,0.5947916666666667,0.5296296296296297,0.6453125,0.7555555555555555
1158,46.32,3,12,0.8963541666666667,0.18703703703703703,0.9901041666666667,0.2814814814814815
1158,46.32,3,13,0.8239583333333333,0.1175925925925926,0.8875,0.1925925925925926
1158,46.32,3,67,0.7770833333333333,0.08148148148148149,0.83125,0.14907407407407408
1158,46.32,3,97,0.5635416666666667,0.012037037037037037,0.6598958333333333,0.053703703703703705
1158,46.32,0,60000,0.6635416666666667,0.03888888888888889,0.6723958333333333,0.047685185185185185
1159,46.36,0,94,0.7723958333333333,0.38796296296296295,0.7875,0.41574074074074074
1159,46.36,0,99,0.6125,0.5222222222222223,0.63125,0.5574074074074075
1159,46.36,0,101,0.6677083333333333,0.13055555555555556,0.6744791666666666,0.14351851851851852
1159,46.36,2,69,0.6645833333333333,0.13055555555555556,0.6802083333333333,0.20462962962962963
1159,46.36,2,79,0.6640625,0.03333333333333333,0.6729166666666667,0.07037037037037037
1159,46.36,2,93,0.7552083333333334,0.3888888888888889,0.7973958333333333,0.5425925925925926
1159,46.36,2,100,0.5958333333333333,0.5222222222222223,0.6453125,0.7435185185185185
1159,46.36,3,12,0.8963541666666667,0.18703703703703703,0.9895833333333334,0.2814814814814815
1159,46.36,3,13,0.8239583333333333,0.1175925925925926,0.8875,0.1925925925925926
1159,46.36,3,67,0.7770833333333333,0.08148148148148149,0.83125,0.14907407407407408
1159,46.36,3,97,0.5635416666666667,0.012037037037037037,0.6598958333333333,0.053703703703703705
1159,46.36,0,60000,0.6640625,0.03333333333333333,0.6729166666666667,0.04259259259259259
1160,46.4,0,94,0.7697916666666667,0.38796296296296295,0.7838541666666666,0.4111111111111111
1160,46.4,0,99,0.6125,0.5046296296296297,0.6322916666666667,0.5416666666666666
1160,46.4,0,101,0.6677083333333333,0.13055555555555556,0.6744791666666666,0.14351851851851852
1160,46.4,2,69,0.6645833333333333,0.13055555555555556,0.6796875,0.20462962962962963
1160,46.4,2,79,0.6640625,0.03333333333333333,0.6729166666666667,0.07037037037037037
1160,46.4,2,93,0.7536458333333333,0.38796296296296295,0.7942708333333334,0.5351851851851852
1160,46.4,2,100,0.5947916666666667,0.5046296296296297,0.64375,0.7138888888888889
1160,46.4,3,12,0.8963541666666667,0.18703703703703703,0.9895833333333334,0.2814814814814815
1160,46.4,3,13,0.8234375,0.1175925925925926,0.8875,0.1925925925925926
1160,46.4,3,67,0.7770833333333333,0.08148148148148149,0.83125,0.14907407407407408
1160,46.4,3,97,0.5635416666666667,0.012037037037037037,0.6598958333333333,0.053703703703703705
1160,46.4,0,60000,0.6640625,0.03333333333333333,0.6729166666666667,0.04259259259259259
1161,46.44,0,94,0.7677083333333333,0.3851851851851852,0.7822916666666667,0.4111111111111111
1161,46.44,0,99,0.6130208333333333,0.4962962962962963,0.6317708333333333,0.5305555555555556
1161,46.44,0,101,0.6677083333333333,0.13055555555555556,0.6739583333333333,0.14351851851851852
1161,46.44,2,69,0.6640625,0.13055555555555556,0.6796875,0.20462962962962963
1161,46.44,2,79,0.6640625,0.03333333333333333,0.6729166666666667,0.06944444444444445
1161,46.44,2,93,0.753125,0.3851851851851852,0.7921875,0.5333333333333333
1161,46.44,2,100,0.5947916666666667,0.4962962962962963,0.64375,0.7074074074074074
1161,46.44,3,12,0.8963541666666667,0.18703703703703703,0.9895833333333334,0.2814814814814815
1161,46.44,3,13,0.8234375,0.1175925925925926,0.8875,0.1925925925925926
1161,46.44,3,67,0.7765625,0.08148148148148149,0.8317708333333333,0.15092592592592594
1161,46.44,3,97,0.5635416666666667,0.012037037037037037,0.6598958333333333,0.053703703703703705
1161,46.44,0,60000,0.6640625,0.03333333333333333,0.6729166666666667,0.04236111111111111
1162,46.48,0,94,0.7651041666666667,0.38333333333333336,0.7802083333333333,0.40925925925925927
1162,46.48,0,99,0.6130208333333333,0.4861111111111111,0.63125,0.5231481481481481
1162,46.48,0,101,0.6677083333333333,0.13055555555555556,0.6739583333333333,0.14351851851851852
1162,46.48,2,69,0.6640625,0.13055555555555556,0.6791666666666667,0.20462962962962963
1162,46.48,2,79,0.6640625,0.032407407407407406,0.6729166666666667,0.06944444444444445
1162,46.48,2,93,0.7484375,0.38333333333333336,0.790625,0.5314814814814814
1162,46.48,2,100,0.5942708333333333,0.4861111111111111,0.64375,0.6944444444444444
1162,46.48,3,12,0.8963541666666667,0.18703703703703703,0.9895833333333334,0.2814814814814815
1162,46.48,3,13,0.8234375,0.1175925925925926,0.8880208333333334,0.1925925925925926
1162,46.48,3,67,0.7765625,0.08148148148148149,0.8322916666666667,0.15092592592592594
1162,46.48,3,97,0.5635416666666667,0.012037037037037037,0.6598958333333333,0.053703703703703705
1162,46.48,0,60000,0.6640625,0.032407407407407406,0.6729166666666667,0.041666666666666664
1163,46.52,0,94,0.7645833333333333,0.3814814814814815,0.7786458333333334,0.40555555555555556
1163,46.52,0,99,0.6135416666666667,0.47962962962962963,0.63125,0.512962962962963
1163,46.52,0,101,0.6677083333333333,0.13055555555555556,0.6744791666666666,0.14351851851851852
1163,46.52,2,69,0.6635416666666667,0.13055555555555556,0.6791666666666667,0.20462962962962963
1163,46.52,2,79,0.6640625,0.032407407407407406,0.6729166666666667,0.06944444444444445
1163,46.52,2,93,0.7489583333333333,0.3814814814814815,0.7890625,0.5277777777777778
1163,46.52,2,100,0.5947916666666667,0.4787037037037037,0.6432291666666666,0.6759259259259259
1163,46.52,3,12,0.8963541666666667,0.18703703703703703,0.9895833333333334,0.2814814814814815
1163,46.52,3,13,0.8234375,0.1175925925925926,0.8880208333333334,0.1925925925925926
1163,46.52,3,67,0.7770833333333333,0.08148148148148149,0.83125,0.14907407407407408
1163,46.52,3,97,0.5635416666666667,0.012037037037037037,0.6598958333333333,0.053703703703703705
1163,46.52,0,60000,0.6640625,0.032407407407407406,0.6729166666666667,0.041666666666666664
1164,46.56,0,94,0.7630208333333334,0.37962962962962965,0.7770833333333333,0.40370370370370373
1164,46.56,0,99,0.6130208333333333,0.4722222222222222,0.6307291666666667,0.5055555555555555
1164,46.56,0,101,0.6677083333333333,0.13055555555555556,0.6744791666666666,0.14351851851851852
1164,46.56,2,69,0.6630208333333333,0.13055555555555556,0.6786458333333333,0.20462962962962963
1164,46.56,2,79,0.6645833333333333,0.032407407407407406,0.6729166666666667,0.06759259259259259
1164,46.56,2,93,0.746875,0.37962962962962965,0.7869791666666667,0.525
1164,46.56,2,100,0.59375,0.4722222222222222,0.6432291666666666,0.6675925925925926
1164,46.56,3,12,0.8963541666666667,0.18703703703703703,0.9895833333333334,0.2814814814814815
1164,46.56,3,13,0.8234375,0.1175925925925926,0.8875,0.1925925925925926
1164,46.56,3,67,0.7770833333333333,0.08148148148148149,0.83125,0.14907407407407408
1164,46.56,3,97,0.5635416666666667,0.012037037037037037,0.6598958333333333,0.053703703703703705
1164,46.56,0,60000,0.6645833333333333,0.032407407407407406,0.6729166666666667,0.0412037037037037
1165,46.6,0,94,0.7604166666666666,0.3768518518518518,0.7744791666666667,0.4009259259259259
1165,46.6,0,99,0.6135416666666667,0.45740740740740743,0.6302083333333334,0.4898148148148148
1165,46.6,0,101,0.6666666666666666,0.13055555555555556,0.6734375,0.14351851851851852
1165,46.6,2,69,0.6635416666666667,0.13055555555555556,0.678125,0.19722222222222222
1165,46.6,2,79,0.6640625,0.030555555555555555,0.6729166666666667,0.06574074074074074
1165,46.6,2,93,0.74375,0.3768518518518518,0.784375,0.5222222222222223
1165,46.6,2,100,0.5942708333333333,0.4564814814814815,0.6421875,0.65
1165,46.6,3,12,0.8963541666666667,0.18703703703703703,0.9895833333333334,0.2814814814814815
1165,46.6,3,13,0.8239583333333333,0.1175925925925926,0.8875,0.1925925925925926
1165,46.6,3,67,0.7770833333333333,0.08148148148148149,0.8302083333333333,0.14722222222222223
1165,46.6,3,97,0.5635416666666667,0.012037037037037037,0.6598958333333333,0.053703703703703705
1165,46.6,3,102,0.790625,0.1111111111111111,0.8354166666666667,0.15092592592592594
1165,46.6,0,60000,0.6640625,0.030555555555555555,0.6729166666666667,0.03935185185185185
1166,46.64,0,94,0.759375,0.375,0.7723958333333333,0.39814814814814814
1166,46.64,0,99,0.6130208333333333,0.45092592592592595,0.6296875,0.4824074074074074
1166,46.64,0,101,0.6666666666666666,0.13055555555555556,0.6734375,0.14351851851851852
1166,46.64,2,69,0.6635416666666667,0.13055555555555556,0.678125,0.19166666666666668
1166,46.64,2,93,0.74375,0.375,0.7838541666666666,0.5166666666666667
1166,46.64,2,100,0.59375,0.45092592592592595,0.6416666666666667,0.6425925925925926
1166,46.64,3,12,0.8963541666666667,0.18703703703703703,0.9895833333333334,0.2814814814814815
1166,46.64,3,13,0.8239583333333333,0.1175925925925926,0.8875,0.1925925925925926
1166,46.64,3,67,0.7770833333333333,0.08148148148148149,0.8302083333333333,0.14814814814814814
1166,46.64,3,97,0.6411458333333333,0.026851851851851852,0.6640625,0.05277777777777778
1167,46.68,0,94,0.7578125,0.3731481481481482,0.7713541666666667,0.39444444444444443
1167,46.68,0,99,0.6125,0.44351851851851853,0.6302083333333334,0.475
1167,46.68,0,101,0.6666666666666666,0.13055555555555556,0.6734375,0.14351851851851852
1167,46.68,2,69,0.6630208333333333,0.12962962962962962,0.678125,0.20277777777777778
1167,46.68,2,79,0.6640625,0.037037037037037035,0.6729166666666667,0.07407407407407407
1167,46.68,2,93,0.7427083333333333,0.3731481481481482,0.7828125,0.5157407407407407
1167,46.68,2,100,0.5932291666666667,0.4425925925925926,0.6411458333333333,0.6351851851851852
1167,46.68,3,12,0.8963541666666667,0.18703703703703703,0.9895833333333334,0.2814814814814815
1167,46.68,3,13,0.8239583333333333,0.1175925925925926,0.8875,0.1925925925925926
1167,46.68,3,67,0.7770833333333333,0.08148148148148149,0.8302083333333333,0.14814814814814814
1167,46.68,3,97,0.6411458333333333,0.026851851851851852,0.6635416666666667,0.05277777777777778
1167,46.68,0,60000,0.6640625,0.037037037037037035,0.6729166666666667,0.046296296296296294
1168,46.72,0,94,0.7557291666666667,0.36944444444444446,0.7697916666666667,0.3925925925925926
1168,46.72,0,99,0.6130208333333333,0.43703703703703706,0.6296875,0.4675925925925926
1168,46.72,0,101,0.6671875,0.12962962962962962,0.6734375,0.1425925925925926
1168,46.72,2,69,0.6625,0.1287037037037037,0.6776041666666667,0.2
1168,46.72,2,79,0.6645833333333333,0.037037037037037035,0.6729166666666667,0.075
1168,46.72,2,93,0.740625,0.36944444444444446,0.7817708333333333,0.5138888888888888
1168,46.72,2,100,0.5932291666666667,0.4351851851851852,0.6411458333333333,0.6333333333333333
1168,46.72,3,12,0.8963541666666667,0.18703703703703703,0.9895833333333334,0.2814814814814815
1168,46.72,3,13,0.8239583333333333,0.1175925925925926,0.8875,0.1925925925925926
1168,46.72,3,67,0.7770833333333333,0.08148148148148149,0.8302083333333333,0.14722222222222223
1168,46.72,3,97,0.6411458333333333,0.026851851851851852,0.6635416666666667,0.05277777777777778
1168,46.72,3,102,0.7911458333333333,0.1111111111111111,0.8354166666666667,0.15092592592592594
1168,46.72,0,60000,0.6645833333333333,0.037037037037037035,0.6729166666666667,0.04652777777777778
1169,46.76,0,94,0.7546875,0.3675925925925926,0.7682291666666666,0.39166666666666666
1169,46.76,0,99,0.6130208333333333,0.42962962962962964,0.6296875,0.4601851851851852
1169,46.76,0,101,0.6666666666666666,0.1287037037037037,0.6729166666666667,0.14166666666666666
1169,46.76,2,69,0.6625,0.1287037037037037,0.6776041666666667,0.20277777777777778
1169,46.76,2,79,0.6645833333333333,0.037037037037037035,0.6734375,0.07592592592592592
1169,46.76,2,93,0.7401041666666667,0.3675925925925926,0.7796875,0.512962962962963
1169,46.76,2,100,0.5942708333333333,0.42962962962962964,0.640625,0.6259259259259259
1169,46.76,3,12,0.8963541666666667,0.18703703703703703,0.9895833333333334,0.2814814814814815
1169,46.76,3,13,0.8239583333333333,0.1175925925925926,0.8875,0.1925925925925926
1169,46.76,3,67,0.7770833333333333,0.08148148148148149,0.8302083333333333,0.14722222222222223
1169,46.76,3,97,0.6411458333333333,0.026851851851851852,0.6635416666666667,0.05277777777777778
1169,46.76,3,102,0.7911458333333333,0.1111111111111111,0.8354166666666667,0.15092592592592594
1169,46.76,0,60000,0.6645833333333333,0.037037037037037035,0.6734375,0.04675925925925926
1170,46.8,0,94,0.7520833333333333,0.36203703703703705,0.7651041666666667,0.3851851851851852
1170,46.8,0,99,0.6130208333333333,0.4166666666666667,0.6291666666666667,0.44814814814814813
1170,46.8,0,101,0.6666666666666666,0.1287037037037037,0.6729166666666667,0.14166666666666666
1170,46.8,2,69,0.6625,0.12777777777777777,0.6770833333333334,0.20185185185185187
1170,46.8,2,79,0.6645833333333333,0.037037037037037035,0.6734375,0.07592592592592592
1170,46.8,2,93,0.7359375,0.3611111111111111,0.7760416666666666,0.5064814814814815
1170,46.8,2,100,0.5942708333333333,0.41574074074074074,0.6411458333333333,0.6092592592592593
1170,46.8,3,12,0.8963541666666667,0.18703703703703703,0.9895833333333334,0.2814814814814815
1170,46.8,3,13,0.8239583333333333,0.1175925925925926,0.8875,0.1925925925925926
1170,46.8,3,67,0.7770833333333333,0.08148148148148149,0.8302083333333333,0.14629629629629629
1170,46.8,3,97,0.6411458333333333,0.026851851851851852,0.6635416666666667,0.05277777777777778
1170,46.8,3,102,0.7901041666666667,0.1111111111111111,0.8354166666666667,0.15092592592592594
1170,46.8,0,60000,0.6645833333333333,0.037037037037037035,0.6734375,0.04675925925925926
1171,46.84,0,94,0.7505208333333333,0.3611111111111111,0.7640625,0.38425925925925924
1171,46.84,0,99,0.6135416666666667,0.41203703703703703,0.6286458333333333,0.44166666666666665
1171,46.84,0,101,0.6666666666666666,0.1287037037037037,0.6729166666666667,0.14074074074074075
1171,46.84,2,69,0.6625,0.12777777777777777,0.6770833333333334,0.19907407407407407
1171,46.84,2,79,0.6651041666666667,0.03611111111111111,0.6744791666666666,0.075
1171,46.84,2,93,0.7348958333333333,0.3611111111111111,0.7739583333333333,0.5018518518518519
1171,46.84,2,100,0.5947916666666667,0.4111111111111111,0.6395833333333333,0.6037037037037037
1171,46.84,3,12,0.8963541666666667,0.18703703703703703,0.9895833333333334,0.2814814814814815
1171,46.84,3,13,0.8239583333333333,0.1175925925925926,0.8875,0.1925925925925926
1171,46.84,3,67,0.7770833333333333,0.08148148148148149,0.8302083333333333,0.14629629629629629
1171,46.84,3,97,0.6411458333333333,0.026851851851851852,0.6635416666666667,0.05277777777777778
1171,46.84,3,102,0.7901041666666667,0.1111111111111111,0.8354166666666667,0.15092592592592594
1171,46.84,0,60000,0.6651041666666667,0.03611111111111111,0.6744791666666666,0.04583333333333333
1172,46.88,0,94,0.7505208333333333,0.3592592592592593,0.7630208333333334,0.3814814814814815
1172,46.88,0,99,0.6130208333333333,0.4064814814814815,0.6286458333333333,0.4361111111111111
1172,46.88,0,101,0.6661458333333333,0.1287037037037037,0.6723958333333333,0.14074074074074075
1172,46.88,2,69,0.6625,0.12777777777777777,0.6760416666666667,0.19907407407407407
1172,46.88,2,79,0.6651041666666667,0.03611111111111111,0.6744791666666666,0.075
1172,46.88,2,93,0.7354166666666667,0.3592592592592593,0.7729166666666667,0.5009259259259259
1172,46.88,2,100,0.5947916666666667,0.40555555555555556,0.6401041666666667,0.5972222222222222
1172,46.88,3,12,0.8963541666666667,0.18703703703703703,0.9895833333333334,0.2814814814814815
1172,46.88,3,13,0.8239583333333333,0.1175925925925926,0.8875,0.1925925925925926
1172,46.88,3,67,0.7770833333333333,0.08148148148148149,0.8307291666666666,0.14722222222222223
1172,46.88,3,97,0.6411458333333333,0.026851851851851852,0.6635416666666667,0.05277777777777778
1172,46.88,3,102,0.7901041666666667,0.1111111111111111,0.8354166666666667,0.15092592592592594
1172,46.88,0,60000,0.6651041666666667,0.03611111111111111,0.6744791666666666,0.04583333333333333
1173,46.92,0,94,0.7489583333333333,0.35833333333333334,0.7614583333333333,0.38055555555555554
1173,46.92,0,99,0.6130208333333333,0.40185185185185185,0.628125,0.42962962962962964
1173,46.92,0,101,0.6666666666666666,0.1287037037037037,0.6723958333333333,0.14074074074074075
1173,46.92,2,69,0.6625,0.12777777777777777,0.6760416666666667,0.2
1173,46.92,2,79,0.6651041666666667,0.03611111111111111,0.6744791666666666,0.075
1173,46.92,2,93,0.7328125,0.35833333333333334,0.7713541666666667,0.5
1173,46.92,2,100,0.5947916666666667,0.4009259259259259,0.6401041666666667,0.5833333333333334
1173,46.92,3,12,0.8963541666666667,0.18703703703703703,0.9895833333333334,0.2814814814814815
1173,46.92,3,13,0.8239583333333333,0.1175925925925926,0.8875,0.1925925925925926
1173,46.92,3,67,0.7770833333333333,0.08148148148148149,0.8307291666666666,0.14722222222222223
1173,46.92,3,97,0.6411458333333333,0.026851851851851852,0.6635416666666667,0.05277777777777778
1173,46.92,3,102,0.7895833333333333,0.1111111111111111,0.8354166666666667,0.15092592592592594
1173,46.92,0,60000,0.6651041666666667,0.03611111111111111,0.6744791666666666,0.04583333333333333
1174,46.96,0,94,0.7463541666666667,0.3574074074074074,0.7598958333333333,0.38055555555555554
1174,46.96,0,99,0.6130208333333333,0.3962962962962963,0.628125,0.425
1174,46.96,0,101,0.6661458333333333,0.12777777777777777,0.671875,0.1398148148148148
1174,46.96,2,69,0.6619791666666667,0.12685185185185185,0.6760416666666667,0.2
1174,46.96,2,79,0.6651041666666667,0.03611111111111111,0.6744791666666666,0.075
1174,46.96,2,93,0.7322916666666667,0.35648148148148145,0.7713541666666667,0.49907407407407406
1174,46.96,2,100,0.5953125,0.39537037037037037,0.6380208333333334,0.5824074074074074
1174,46.96,3,12,0.8963541666666667,0.18703703703703703,0.9895833333333334,0.2814814814814815
1174,46.96,3,13,0.8239583333333333,0.1175925925925926,0.8875,0.1925925925925926
1174,46.96,3,67,0.7770833333333333,0.08148148148148149,0.83125,0.14722222222222223
1174,46.96,3,97,0.6411458333333333,0.026851851851851852,0.6635416666666667,0.05277777777777778
1174,46.96,3,102,0.7901041666666667,0.1111111111111111,0.8354166666666667,0.15092592592592594
1174,46.96,0,60000,0.6651041666666667,0.03611111111111111,0.6744791666666666,0.04583333333333333
1175,47.0,0,94,0.7442708333333333,0.3537037037037037,0.7572916666666667,0.375
1175,47.0,0,99,0.6119791666666666,0.38425925925925924,0.628125,0.41388888888888886
1175,47.0,0,101,0.6651041666666667,0.12777777777777777,0.6713541666666667,0.1398148148148148
1175,47.0,2,69,0.6619791666666667,0.12685185185185185,0.6760416666666667,0.2
1175,47.0,2,79,0.6651041666666667,0.03611111111111111,0.6744791666666666,0.075
1175,47.0,2,93,0.7302083333333333,0.3537037037037037,0.7677083333333333,0.4925925925925926
1175,47.0,2,100,0.5953125,0.38425925925925924,0.6380208333333334,0.5546296296296296
1175,47.0,3,12,0.8963541666666667,0.18703703703703703,0.9895833333333334,0.2814814814814815
1175,47.0,3,13,0.8239583333333333,0.1175925925925926,0.8875,0.1925925925925926
1175,47.0,3,67,0.7776041666666667,0.08148148148148149,0.8328125,0.15
1175,47.0,3,97,0.6411458333333333,0.026851851851851852,0.6635416666666667,0.05277777777777778
1175,47.0,0,60000,0.6651041666666667,0.03611111111111111,0.6744791666666666,0.04583333333333333
1176,47.04,0,94,0.7416666666666667,0.3509259259259259,0.7546875,0.37222222222222223
1176,47.04,0,99,0.6119791666666666,0.37962962962962965,0.6265625,0.4074074074074074
1176,47.04,0,101,0.665625,0.12777777777777777,0.6713541666666667,0.1398148148148148
1176,47.04,2,69,0.6619791666666667,0.12685185185185185,0.6760416666666667,0.19814814814814816
1176,47.04,2,79,0.6635416666666667,0.044444444444444446,0.6723958333333333,0.075
1176,47.04,2,93,0.7291666666666666,0.3509259259259259,0.7671875,0.4925925925925926
1176,47.04,2,100,0.5953125,0.37962962962962965,0.6375,0.5592592592592592
1176,47.04,3,12,0.8958333333333334,0.18703703703703703,0.9890625,0.2833333333333333
1176,47.04,3,13,0.8234375,0.1175925925925926,0.8880208333333334,0.1935185185185185
1176,47.04,3,67,0.7776041666666667,0.08148148148148149,0.8328125,0.15
1176,47.04,3,97,0.6411458333333333,0.026851851851851852,0.6635416666666667,0.05277777777777778
1176,47.04,3,102,0.78125,0.10648148148148148,0.8348958333333333,0.15
1176,47.04,0,60000,0.6635416666666667,0.044444444444444446,0.6723958333333333,0.052083333333333336
1177,47.08,0,94,0.740625,0.3490740740740741,0.7536458333333333,0.37037037037037035
1177,47.08,0,99,0.6119791666666666,0.375,0.6265625,0.40185185185185185
1177,47.08,0,101,0.6645833333333333,0.1287037037037037,0.6708333333333333,0.14074074074074075
1177,47.08,2,69,0.6614583333333334,0.12777777777777777,0.6760416666666667,0.19907407407407407
1177,47.08,2,79,0.6630208333333333,0.04537037037037037,0.671875,0.075
1177,47.08,2,93,0.7286458333333333,0.3490740740740741,0.7651041666666667,0.4898148148148148
1177,47.08,2,100,0.5947916666666667,0.37407407407407406,0.6364583333333333,0.5537037037037037
1177,47.08,3,12,0.8958333333333334,0.18703703703703703,0.9890625,0.2833333333333333
1177,47.08,3,13,0.8234375,0.1175925925925926,0.8880208333333334,0.1935185185185185
1177,47.08,3,67,0.7776041666666667,0.08148148148148149,0.8328125,0.15
1177,47.08,3,97,0.6411458333333333,0.026851851851851852,0.6635416666666667,0.05277777777777778
1177,47.08,3,102,0.7807291666666667,0.10648148148148148,0.8348958333333333,0.15
1177,47.08,0,60000,0.6630208333333333,0.04537037037037037,0.671875,0.05277777777777778
1178,47.12,0,94,0.7395833333333334,0.34814814814814815,0.7526041666666666,0.3685185185185185
1178,47.12,0,99,0.6119791666666666,0.36944444444444446,0.6270833333333333,0.3962962962962963
1178,47.12,0,101,0.6640625,0.1287037037037037,0.6703125,0.14074074074074075
1178,47.12,2,69,0.6609375,0.12777777777777777,0.6755208333333333,0.19814814814814816
1178,47.12,2,79,0.6630208333333333,0.04722222222222222,0.671875,0.075
1178,47.12,2,93,0.7276041666666667,0.3472222222222222,0.7635416666666667,0.4925925925925926
1178,47.12,2,100,0.5947916666666667,0.3675925925925926,0.6364583333333333,0.5481481481481482
1178,47.12,3,12,0.8958333333333334,0.18703703703703703,0.9890625,0.2833333333333333
1178,47.12,3,13,0.8234375,0.1175925925925926,0.8880208333333334,0.1935185185185185
1178,47.12,3,67,0.7776041666666667,0.08148148148148149,0.8328125,0.15
1178,47.12,3,102,0.7817708333333333,0.10648148148148148,0.8348958333333333,0.15
1178,47.12,0,60000,0.6630208333333333,0.04722222222222222,0.671875,0.05416666666666667
1179,47.16,0,94,0.7380208333333333,0.34444444444444444,0.7510416666666667,0.3675925925925926
1179,47.16,0,99,0.6119791666666666,0.362962962962963,0.6265625,0.3907407407407407
1179,47.16,0,101,0.6640625,0.1287037037037037,0.6703125,0.14074074074074075
1179,47.16,2,69,0.6609375,0.12777777777777777,0.6755208333333333,0.19814814814814816
1179,47.16,2,79,0.6635416666666667,0.046296296296296294,0.671875,0.075
1179,47.16,2,93,0.7260416666666667,0.34444444444444444,0.7630208333333334,0.4888888888888889
1179,47.16,2,100,0.5953125,0.362962962962963,0.6354166666666666,0.5287037037037037
1179,47.16,3,12,0.8958333333333334,0.18703703703703703,0.9890625,0.2833333333333333
1179,47.16,3,13,0.8234375,0.1175925925925926,0.8880208333333334,0.1935185185185185
1179,47.16,3,67,0.7776041666666667,0.08148148148148149,0.8328125,0.15
1179,47.16,3,97,0.6411458333333333,0.026851851851851852,0.6635416666666667,0.05277777777777778
1179,47.16,3,102,0.7807291666666667,0.10648148148148148,0.8348958333333333,0.15
1179,47.16,0,60000,0.6635416666666667,0.046296296296296294,0.671875,0.05347222222222222
1180,47.2,0,94,0.7364583333333333,0.33796296296296297,0.7489583333333333,0.362962962962963
1180,47.2,0,99,0.6119791666666666,0.35462962962962963,0.6255208333333333,0.38055555555555554
1180,47.2,0,101,0.6635416666666667,0.1287037037037037,0.6697916666666667,0.14074074074074075
1180,47.2,2,69,0.659375,0.12777777777777777,0.675,0.19722222222222222
1180,47.2,2,93,0.7229166666666667,0.33796296296296297,0.7583333333333333,0.48148148148148145
1180,47.2,2,100,0.5942708333333333,0.35462962962962963,0.6354166666666666,0.5296296296296297
1180,47.2,3,12,0.8958333333333334,0.18703703703703703,0.9890625,0.2833333333333333
1180,47.2,3,13,0.8234375,0.1175925925925926,0.8875,0.1935185185185185
1180,47.2,3,67,0.7776041666666667,0.08055555555555556,0.8322916666666667,0.14907407407407408
1180,47.2,3,97,0.6411458333333333,0.026851851851851852,0.6635416666666667,0.05277777777777778
1180,47.2,3,102,0.7807291666666667,0.10648148148148148,0.8348958333333333,0.15
1181,47.24,0,94,0.7348958333333333,0.337037037037037,0.7484375,0.36203703703703705
1181,47.24,0,99,0.6119791666666666,0.3509259259259259,0.6260416666666667,0.3768518518518518
1181,47.24,0,101,0.6625,0.1287037037037037,0.6692708333333334,0.14074074074074075
1181,47.24,2,69,0.6588541666666666,0.12777777777777777,0.6744791666666666,0.1962962962962963
1181,47.24,2,93,0.721875,0.337037037037037,0.7578125,0.4842592592592593
1181,47.24,2,100,0.5942708333333333,0.35,0.6348958333333333,0.5231481481481481
1181,47.24,3,12,0.8958333333333334,0.18703703703703703,0.9890625,0.2833333333333333
1181,47.24,3,13,0.8234375,0.1175925925925926,0.8875,0.1935185185185185
1181,47.24,3,67,0.7776041666666667,0.08055555555555556,0.8322916666666667,0.14907407407407408
1181,47.24,3,97,0.6411458333333333,0.026851851851851852,0.6635416666666667,0.05277777777777778
1181,47.24,3,102,0.7807291666666667,0.10648148148148148,0.8348958333333333,0.15
1182,47.28,0,94,0.7338541666666667,0.337037037037037,0.7463541666666667,0.36018518518518516
1182,47.28,0,99,0.6109375,0.34629629629629627,0.625,0.37222222222222223
1182,47.28,0,101,0.6625,0.1287037037037037,0.6692708333333334,0.14074074074074075
1182,47.28,2,69,0.6588541666666666,0.12777777777777777,0.6734375,0.19444444444444445
1182,47.28,2,79,0.6635416666666667,0.046296296296296294,0.671875,0.075
1182,47.28,2,93,0.7213541666666666,0.337037037037037,0.75625,0.4861111111111111
1182,47.28,2,100,0.5942708333333333,0.34629629629629627,0.6348958333333333,0.5111111111111111
1182,47.28,3,12,0.8958333333333334,0.18703703703703703,0.9890625,0.2833333333333333
1182,47.28,3,13,0.8234375,0.1175925925925926,0.8875,0.1935185185185185
1182,47.28,3,67,0.7770833333333333,0.08055555555555556,0.8322916666666667,0.14907407407407408
1182,47.28,3,97,0.6411458333333333,0.026851851851851852,0.6635416666666667,0.05277777777777778
1182,47.28,3,102,0.7807291666666667,0.10648148148148148,0.8348958333333333,0.15
1182,47.28,0,60000,0.6635416666666667,0.046296296296296294,0.671875,0.05347222222222222
1183,47.32,0,94,0.73125,0.3351851851851852,0.7447916666666666,0.3592592592592593
1183,47.32,0,99,0.6104166666666667,0.34074074074074073,0.6244791666666667,0.3675925925925926
1183,47.32,2,69,0.6583333333333333,0.12685185185185185,0.6729166666666667,0.19444444444444445
1183,47.32,2,93,0.7192708333333333,0.33611111111111114,0.7546875,0.47962962962962963
1183,47.32,2,100,0.59375,0.34074074074074073,0.6338541666666667,0.5055555555555555
1183,47.32,3,12,0.8958333333333334,0.18703703703703703,0.9890625,0.2833333333333333
1183,47.32,3,13,0.8234375,0.1175925925925926,0.8875,0.1925925925925926
1183,47.32,3,67,0.7770833333333333,0.08055555555555556,0.8322916666666667,0.14907407407407408
1183,47.32,3,97,0.6411458333333333,0.026851851851851852,0.6635416666666667,0.05277777777777778
1183,47.32,3,102,0.7807291666666667,0.10648148148148148,0.8348958333333333,0.15
1183,47.32,0,101,0.6619791666666667,0.1277777777777778,0.6687500000000001,0.13981481481481484
1184,47.36,0,94,0.7296875,0.33425925925925926,0.7427083333333333,0.3574074074074074
1184,47.36,0,99,0.6104166666666667,0.3388888888888889,0.6239583333333333,0.3638888888888889
1184,47.36,2,69,0.6578125,0.12777777777777777,0.6723958333333333,0.1962962962962963
1184,47.36,2,93,0.71875,0.33425925925925926,0.7526041666666666,0.4703703703703704
1184,47.36,2,100,0.59375,0.3388888888888889,0.6333333333333333,0.5018518518518519
1184,47.36,3,12,0.8963541666666667,0.18703703703703703,0.9890625,0.2833333333333333
1184,47.36,3,13,0.8234375,0.1175925925925926,0.8875,0.1925925925925926
1184,47.36,3,67,0.7770833333333333,0.08055555555555556,0.8322916666666667,0.14907407407407408
1184,47.36,3,97,0.6411458333333333,0.026851851851851852,0.6635416666666667,0.05277777777777778
1184,47.36,3,102,0.7791666666666667,0.10555555555555556,0.8338541666666667,0.15
1184,47.36,0,101,0.6614583333333334,0.1287037037037037,0.6682291666666668,0.14074074074074075
1185,47.4,0,94,0.728125,0.3314814814814815,0.740625,0.3537037037037037
1185,47.4,0,99,0.6098958333333333,0.3287037037037037,0.6223958333333334,0.3537037037037037
1185,47.4,2,69,0.6578125,0.1259259259259259,0.6729166666666667,0.1962962962962963
1185,47.4,2,93,0.7166666666666667,0.3314814814814815,0.7510416666666667,0.475
1185,47.4,2,100,0.59375,0.3277777777777778,0.6317708333333333,0.4935185185185185
1185,47.4,3,12,0.8963541666666667,0.18703703703703703,0.9890625,0.2833333333333333
1185,47.4,3,13,0.8234375,0.1175925925925926,0.8875,0.1925925925925926
1185,47.4,3,67,0.7770833333333333,0.08055555555555556,0.8322916666666667,0.14907407407407408
1185,47.4,3,97,0.6411458333333333,0.026851851851851852,0.6635416666666667,0.05277777777777778
1185,47.4,3,102,0.7791666666666667,0.10648148148148148,0.834375,0.15
1185,47.4,0,101,0.6614583333333334,0.12685185185185185,0.6682291666666668,0.1388888888888889
1186,47.44,0,94,0.7265625,0.3296296296296296,0.7395833333333334,0.35185185185185186
1186,47.44,0,99,0.6088541666666667,0.32407407407407407,0.621875,0.35
1186,47.44,2,69,0.6567708333333333,0.1259259259259259,0.671875,0.1935185185185185
1186,47.44,2,79,0.6635416666666667,0.046296296296296294,0.671875,0.075
1186,47.44,2,93,0.7151041666666667,0.3296296296296296,0.75,0.46944444444444444
1186,47.44,2,100,0.5927083333333333,0.32314814814814813,0.6296875,0.49074074074074076
1186,47.44,3,12,0.8958333333333334,0.18703703703703703,0.9890625,0.2833333333333333
1186,47.44,3,13,0.8234375,0.1175925925925926,0.8875,0.1925925925925926
1186,47.44,3,67,0.7770833333333333,0.08055555555555556,0.8322916666666667,0.14907407407407408
1186,47.44,3,97,0.6411458333333333,0.026851851851851852,0.6635416666666667,0.05277777777777778
1186,47.44,3,102,0.7791666666666667,0.10648148148148148,0.834375,0.15
1186,47.44,0,101,0.6604166666666667,0.12685185185185185,0.6671875,0.1388888888888889
1186,47.44,0,60000,0.6635416666666667,0.046296296296296294,0.671875,0.05347222222222222
1187,47.48,0,94,0.7255208333333333,0.3287037037037037,0.7390625,0.3509259259259259
1187,47.48,0,99,0.6083333333333333,0.3212962962962963,0.6213541666666667,0.34629629629629627
1187,47.48,2,69,0.6567708333333333,0.1259259259259259,0.6713541666666667,0.1935185185185185
1187,47.48,2,93,0.7140625,0.3287037037037037,0.7479166666666667,0.4666666666666667
1187,47.48,2,100,0.5932291666666667,0.32037037037037036,0.6286458333333333,0.48703703703703705
1187,47.48,3,12,0.8963541666666667,0.18796296296296297,0.9895833333333334,0.2824074074074074
1187,47.48,3,13,0.8234375,0.1175925925925926,0.8875,0.1935185185185185
1187,47.48,3,67,0.7770833333333333,0.08055555555555556,0.8322916666666667,0.14907407407407408
1187,47.48,3,97,0.6411458333333333,0.026851851851851852,0.6635416666666667,0.05277777777777778
1187,47.48,3,102,0.7796875,0.10648148148148148,0.834375,0.15
1187,47.48,0,101,0.6604166666666667,0.12685185185185185,0.6671875,0.1388888888888889
1188,47.52,0,94,0.725,0.3277777777777778,0.7375,0.3490740740740741
1188,47.52,0,99,0.6083333333333333,0.3194444444444444,0.6203125,0.3425925925925926
1188,47.52,2,69,0.6567708333333333,0.1259259259259259,0.6708333333333333,0.1935185185185185
1188,47.52,2,79,0.6635416666666667,0.046296296296296294,0.671875,0.075
1188,47.52,2,93,0.7125,0.32685185185185184,0.746875,0.46574074074074073
1188,47.52,2,100,0.5916666666666667,0.31851851851851853,0.6291666666666667,0.47962962962962963
1188,47.52,3,12,0.8963541666666667,0.18796296296296297,0.9895833333333334,0.2824074074074074
1188,47.52,3,13,0.8234375,0.1175925925925926,0.8875,0.1925925925925926
1188,47.52,3,67,0.7770833333333333,0.08055555555555556,0.8322916666666667,0.14907407407407408
1188,47.52,3,97,0.6411458333333333,0.026851851851851852,0.6635416666666667,0.05277777777777778
1188,47.52,3,102,0.7796875,0.10648148148148148,0.834375,0.15
1188,47.52,0,101,0.6604166666666667,0.12685185185185185,0.6671875,0.1388888888888889
1188,47.52,0,60000,0.6635416666666667,0.046296296296296294,0.671875,0.05347222222222222
1189,47.56,0,94,0.7239583333333334,0.32685185185185184,0.7359375,0.3472222222222222
1189,47.56,0,99,0.6072916666666667,0.3138888888888889,0.6197916666666666,0.33796296296296297
1189,47.56,2,69,0.6557291666666667,0.1259259259259259,0.6713541666666667,0.19444444444444445
1189,47.56,2,79,0.6635416666666667,0.046296296296296294,0.671875,0.075
1189,47.56,2,93,0.709375,0.32685185185185184,0.7458333333333333,0.4638888888888889
1189,47.56,2,100,0.5911458333333334,0.3138888888888889,0.628125,0.4722222222222222
1189,47.56,3,12,0.8963541666666667,0.18796296296296297,0.9895833333333334,0.2824074074074074
1189,47.56,3,13,0.8234375,0.1175925925925926,0.8875,0.1925925925925926
1189,47.56,3,67,0.7770833333333333,0.08055555555555556,0.8322916666666667,0.14907407407407408
1189,47.56,3,97,0.6411458333333333,0.026851851851851852,0.6635416666666667,0.05277777777777778
1189,47.56,3,102,0.7791666666666667,0.10648148148148148,0.834375,0.15
1189,47.56,0,101,0.659375,0.12685185185185185,0.6661458333333334,0.1388888888888889
1189,47.56,0,60000,0.6635416666666667,0.046296296296296294,0.671875,0.05347222222222222
1190,47.6,0,94,0.7208333333333333,0.32037037037037036,0.7333333333333333,0.3435185185185185
1190,47.6,0,99,0.6052083333333333,0.3074074074074074,0.61875,0.33055555555555555
1190,47.6,2,69,0.6552083333333333,0.1259259259259259,0.6703125,0.1935185185185185
1190,47.6,2,93,0.7067708333333333,0.32037037037037036,0.7432291666666667,0.4564814814814815
1190,47.6,2,100,0.590625,0.30648148148148147,0.6265625,0.4675925925925926
1190,47.6,3,12,0.8963541666666667,0.18796296296296297,0.9895833333333334,0.2824074074074074
1190,47.6,3,13,0.8234375,0.11851851851851852,0.8875,0.1925925925925926
1190,47.6,3,67,0.7770833333333333,0.08055555555555556,0.8322916666666667,0.14907407407407408
1190,47.6,3,97,0.6411458333333333,0.026851851851851852,0.6635416666666667,0.05277777777777778
1190,47.6,3,102,0.7822916666666667,0.10740740740740741,0.8348958333333333,0.15
1190,47.6,0,101,0.6588541666666666,0.12685185185185185,0.665625,0.1388888888888889
1191,47.64,0,94,0.7197916666666667,0.3194444444444444,0.7322916666666667,0.3416666666666667
1191,47.64,0,99,0.6052083333333333,0.30462962962962964,0.6177083333333333,0.32685185185185184
1191,47.64,2,69,0.6552083333333333,0.1259259259259259,0.6697916666666667,0.1925925925925926
1191,47.64,2,93,0.70625,0.31851851851851853,0.7411458333333333,0.4527777777777778
1191,47.64,2,100,0.5901041666666667,0.3037037037037037,0.625,0.45555555555555555
1191,47.64,3,12,0.8963541666666667,0.18796296296296297,0.9895833333333334,0.2824074074074074
1191,47.64,3,13,0.8234375,0.11851851851851852,0.8875,0.1935185185185185
1191,47.64,3,67,0.7770833333333333,0.08055555555555556,0.8322916666666667,0.14907407407407408
1191,47.64,3,97,0.6411458333333333,0.026851851851851852,0.6635416666666667,0.05277777777777778
1191,47.64,3,102,0.78125,0.10740740740740741,0.8348958333333333,0.15
1191,47.64,0,101,0.6588541666666666,0.12685185185185185,0.665625,0.1388888888888889
1192,47.68,0,94,0.7182291666666667,0.3194444444444444,0.7307291666666667,0.3416666666666667
1192,47.68,0,99,0.6041666666666666,0.30092592592592593,0.6166666666666667,0.32314814814814813
1192,47.68,2,69,0.6546875,0.125,0.6697916666666667,0.1925925925925926
1192,47.68,2,93,0.7052083333333333,0.3194444444444444,0.7411458333333333,0.4537037037037037
1192,47.68,2,100,0.5901041666666667,0.3,0.6239583333333333,0.4527777777777778
1192,47.68,3,12,0.8963541666666667,0.18796296296296297,0.9895833333333334,0.2824074074074074
1192,47.68,3,13,0.8234375,0.11851851851851852,0.8880208333333334,0.1925925925925926
1192,47.68,3,67,0.7770833333333333,0.08055555555555556,0.8322916666666667,0.14907407407407408
1192,47.68,3,97,0.6411458333333333,0.026851851851851852,0.6635416666666667,0.05277777777777778
1192,47.68,3,102,0.78125,0.10740740740740741,0.8348958333333333,0.15
1192,47.68,0,101,0.6583333333333333,0.12592592592592594,0.6651041666666667,0.13796296296296298
1193,47.72,0,94,0.7171875,0.31851851851851853,0.7296875,0.3398148148148148
1193,47.72,0,99,0.603125,0.2972222222222222,0.6151041666666667,0.32037037037037036
1193,47.72,2,69,0.6536458333333334,0.125,0.6697916666666667,0.1925925925925926
1193,47.72,2,93,0.7046875,0.31851851851851853,0.7395833333333334,0.45092592592592595
1193,47.72,2,100,0.5890625,0.2962962962962963,0.6229166666666667,0.45
1193,47.72,3,12,0.8963541666666667,0.18796296296296297,0.9895833333333334,0.2824074074074074
1193,47.72,3,13,0.8234375,0.11851851851851852,0.8880208333333334,0.1935185185185185
1193,47.72,3,67,0.7770833333333333,0.08055555555555556,0.8322916666666667,0.14907407407407408
1193,47.72,3,97,0.6411458333333333,0.026851851851851852,0.6635416666666667,0.05277777777777778
1193,47.72,3,102,0.7807291666666667,0.10648148148148148,0.8348958333333333,0.15
1193,47.72,0,101,0.6572916666666667,0.12592592592592594,0.6640625000000001,0.13796296296296298
1194,47.76,0,94,0.7161458333333334,0.31574074074074077,0.7291666666666666,0.33796296296296297
1194,47.76,0,99,0.6026041666666667,0.29444444444444445,0.6140625,0.3175925925925926
1194,47.76,2,69,0.6536458333333334,0.125,0.6697916666666667,0.1925925925925926
1194,47.76,2,93,0.703125,0.31574074074074077,0.7385416666666667,0.45185185185185184
1194,47.76,2,100,0.5885416666666666,0.29444444444444445,0.621875,0.44351851851851853
1194,47.76,3,12,0.8963541666666667,0.18796296296296297,0.9890625,0.2824074074074074
1194,47.76,3,13,0.8234375,0.11851851851851852,0.8875,0.1925925925925926
1194,47.76,3,67,0.7770833333333333,0.08055555555555556,0.8322916666666667,0.14907407407407408
1194,47.76,3,97,0.6411458333333333,0.026851851851851852,0.6635416666666667,0.05277777777777778
1194,47.76,3,102,0.7802083333333333,0.10648148148148148,0.8348958333333333,0.15
1194,47.76,0,101,0.6572916666666667,0.12592592592592594,0.6640625000000001,0.13796296296296298
1195,47.8,0,94,0.7145833333333333,0.3148148148148148,0.7260416666666667,0.33611111111111114
1195,47.8,0,99,0.5994791666666667,0.28703703703703703,0.6114583333333333,0.3101851851851852
1195,47.8,2,69,0.6526041666666667,0.12407407407407407,0.6692708333333334,0.1925925925925926
1195,47.8,2,93,0.7010416666666667,0.3148148148148148,0.7364583333333333,0.44814814814814813
1195,47.8,2,100,0.5869791666666667,0.28703703703703703,0.6192708333333333,0.4324074074074074
1195,47.8,3,12,0.8963541666666667,0.18796296296296297,0.9890625,0.2824074074074074
1195,47.8,3,13,0.8234375,0.11851851851851852,0.8875,0.1925925925925926
1195,47.8,3,67,0.7770833333333333,0.08055555555555556,0.8322916666666667,0.14907407407407408
1195,47.8,3,97,0.6411458333333333,0.026851851851851852,0.6635416666666667,0.05277777777777778
1195,47.8,3,102,0.7833333333333333,0.10740740740740741,0.8348958333333333,0.15
1195,47.8,0,101,0.65625,0.125,0.6630208333333334,0.13703703703703707
1196,47.84,0,94,0.7140625,0.31296296296296294,0.7255208333333333,0.3351851851851852
1196,47.84,0,99,0.5989583333333334,0.2851851851851852,0.6109375,0.3074074074074074
1196,47.84,2,69,0.653125,0.125,0.66875,0.19166666666666668
1196,47.84,2,93,0.7005208333333334,0.31203703703703706,0.7348958333333333,0.44537037037037036
1196,47.84,2,100,0.5859375,0.2851851851851852,0.61875,0.4324074074074074
1196,47.84,3,12,0.8963541666666667,0.18796296296296297,0.9890625,0.2824074074074074
1196,47.84,3,13,0.8234375,0.11851851851851852,0.8875,0.1935185185185185
1196,47.84,3,67,0.7770833333333333,0.08055555555555556,0.8322916666666667,0.14907407407407408
1196,47.84,3,97,0.6411458333333333,0.026851851851851852,0.6635416666666667,0.05277777777777778
1196,47.84,3,102,0.7838541666666666,0.10740740740740741,0.8348958333333333,0.15
1196,47.84,0,101,0.6567708333333333,0.12592592592592594,0.6635416666666667,0.137962962962963
1197,47.88,0,94,0.7125,0.30925925925925923,0.7244791666666667,0.33055555555555555
1197,47.88,0,99,0.5973958333333333,0.2824074074074074,0.6088541666666667,0.3037037037037037
1197,47.88,2,69,0.653125,0.125,0.6682291666666667,0.19166666666666668
1197,47.88,2,93,0.6984375,0.3101851851851852,0.7348958333333333,0.44166666666666665
1197,47.88,2,100,0.5854166666666667,0.2814814814814815,0.6177083333333333,0.4287037037037037
1197,47.88,3,12,0.8963541666666667,0.18703703703703703,0.9890625,0.2833333333333333
1197,47.88,3,13,0.8234375,0.11851851851851852,0.8875,0.1935185185185185
1197,47.88,3,67,0.7770833333333333,0.08055555555555556,0.8322916666666667,0.14907407407407408
1197,47.88,3,97,0.6411458333333333,0.026851851851851852,0.6635416666666667,0.05277777777777778
1197,47.88,3,102,0.7838541666666666,0.10740740740740741,0.834375,0.15
1197,47.88,0,101,0.6567708333333333,0.12592592592592594,0.6635416666666667,0.137962962962963
1198,47.92,0,94,0.7119791666666667,0.30925925925925923,0.7229166666666667,0.3296296296296296
1198,47.92,0,99,0.5963541666666666,0.2796296296296296,0.6078125,0.30092592592592593
1198,47.92,2,69,0.653125,0.12407407407407407,0.6677083333333333,0.1925925925925926
1198,47.92,2,93,0.6984375,0.30925925925925923,0.7338541666666667,0.44074074074074077
1198,47.92,2,100,0.5848958333333333,0.27870370370370373,0.615625,0.425
1198,47.92,3,12,0.8963541666666667,0.18796296296296297,0.9890625,0.2824074074074074
1198,47.92,3,13,0.8234375,0.11851851851851852,0.8875,0.1935185185185185
1198,47.92,3,67,0.7770833333333333,0.08055555555555556,0.8322916666666667,0.14907407407407408
1198,47.92,3,97,0.6411458333333333,0.026851851851851852,0.6635416666666667,0.05277777777777778
1198,47.92,3,102,0.7838541666666666,0.10740740740740741,0.834375,0.15
1198,47.92,0,101,0.6567708333333333,0.125,0.6635416666666667,0.13703703703703707
1199,47.96,0,94,0.7114583333333333,0.30833333333333335,0.7229166666666667,0.3287037037037037
1199,47.96,0,99,0.5942708333333333,0.2759259259259259,0.6067708333333334,0.29814814814814816
1199,47.96,2,69,0.653125,0.12407407407407407,0.6682291666666667,0.1925925925925926
1199,47.96,2,93,0.6973958333333333,0.3074074074074074,0.7322916666666667,0.44074074074074077
1199,47.96,2,100,0.5833333333333334,0.2759259259259259,0.6161458333333333,0.4305555555555556
1199,47.96,3,12,0.8963541666666667,0.18796296296296297,0.9890625,0.2824074074074074
1199,47.96,3,13,0.8234375,0.11851851851851852,0.8875,0.1935185185185185
1199,47.96,3,67,0.7770833333333333,0.08055555555555556,0.8322916666666667,0.14907407407407408
1199,47.96,3,102,0.784375,0.10740740740740741,0.834375,0.15
1199,47.96,0,101,0.6567708333333333,0.125,0.6635416666666667,0.13703703703703707
1200,48.0,0,94,0.7083333333333334,0.3055555555555556,0.7197916666666667,0.32592592592592595
1200,48.0,0,99,0.5916666666666667,0.27037037037037037,0.6036458333333333,0.29259259259259257
1200,48.0,0,103,0.6557291666666667,0.125,0.6619791666666667,0.1361111111111111
1200,48.0,2,69,0.6526041666666667,0.12407407407407407,0.6677083333333333,0.1935185185185185
1200,48.0,2,93,0.6958333333333333,0.3055555555555556,0.7307291666666667,0.43703703703703706
1200,48.0,2,100,0.5807291666666666,0.26944444444444443,0.6119791666666666,0.4222222222222222
1200,48.0,3,12,0.8963541666666667,0.18796296296296297,0.9895833333333334,0.2824074074074074
1200,48.0,3,13,0.8239583333333333,0.11944444444444445,0.8880208333333334,0.1925925925925926
1200,48.0,3,67,0.7770833333333333,0.08055555555555556,0.8322916666666667,0.14907407407407408
1200,48.0,3,102,0.7854166666666667,0.10740740740740741,0.8364583333333333,0.15092592592592594
1201,48.04,0,94,0.7078125,0.30277777777777776,0.7192708333333333,0.32314814814814813
1201,48.04,0,99,0.590625,0.2675925925925926,0.6020833333333333,0.29074074074074074
1201,48.04,2,69,0.6526041666666667,0.12222222222222222,0.6666666666666666,0.1935185185185185
1201,48.04,2,93,0.6953125,0.30277777777777776,0.7296875,0.43333333333333335
1201,48.04,2,100,0.5791666666666667,0.26666666666666666,0.6114583333333333,0.42407407407407405
1201,48.04,3,12,0.8963541666666667,0.18796296296296297,0.9895833333333334,0.2824074074074074
1201,48.04,3,13,0.8239583333333333,0.11944444444444445,0.8880208333333334,0.1925925925925926
1201,48.04,3,67,0.7770833333333333,0.08055555555555556,0.8322916666666667,0.14907407407407408
1201,48.04,3,102,0.7859375,0.10740740740740741,0.8364583333333333,0.15092592592592594
1201,48.04,0,103,0.6557291666666667,0.12314814814814815,0.6619791666666667,0.13425925925925924
1202,48.08,0,94,0.7078125,0.30277777777777776,0.7192708333333333,0.32314814814814813
1202,48.08,0,99,0.5885416666666666,0.26481481481481484,0.6010416666666667,0.28703703703703703
1202,48.08,0,103,0.6557291666666667,0.12314814814814815,0.6614583333333334,0.13518518518518519
1202,48.08,2,69,0.6526041666666667,0.12222222222222222,0.6661458333333333,0.19166666666666668
1202,48.08,2,93,0.69375,0.30185185185185187,0.7286458333333333,0.43425925925925923
1202,48.08,2,100,0.5776041666666667,0.26481481481481484,0.6114583333333333,0.4222222222222222
1202,48.08,3,12,0.8963541666666667,0.18796296296296297,0.9895833333333334,0.2824074074074074
1202,48.08,3,13,0.8239583333333333,0.11944444444444445,0.8880208333333334,0.1925925925925926
1202,48.08,3,67,0.7770833333333333,0.08055555555555556,0.8322916666666667,0.14907407407407408
1202,48.08,3,102,0.7859375,0.10740740740740741,0.8364583333333333,0.15092592592592594
1203,48.12,0,94,0.70625,0.29907407407407405,0.7177083333333333,0.32037037037037036
1203,48.12,0,99,0.5880208333333333,0.26296296296296295,0.5994791666666667,0.2833333333333333
1203,48.12,0,103,0.6557291666666667,0.12314814814814815,0.6619791666666667,0.1361111111111111
1203,48.12,2,69,0.6526041666666667,0.12222222222222222,0.6661458333333333,0.19074074074074074
1203,48.12,2,93,0.69375,0.3,0.7270833333333333,0.43425925925925923
1203,48.12,2,100,0.5760416666666667,0.26296296296296295,0.6083333333333333,0.4074074074074074
1203,48.12,3,12,0.8963541666666667,0.18796296296296297,0.9901041666666667,0.2824074074074074
1203,48.12,3,13,0.8239583333333333,0.11944444444444445,0.8880208333333334,0.1925925925925926
1203,48.12,3,67,0.7770833333333333,0.08055555555555556,0.8322916666666667,0.14907407407407408
1203,48.12,3,102,0.7859375,0.10740740740740741,0.8364583333333333,0.15092592592592594
1204,48.16,0,94,0.7052083333333333,0.30092592592592593,0.7166666666666667,0.3194444444444444
1204,48.16,0,99,0.5859375,0.2601851851851852,0.5979166666666667,0.28055555555555556
1204,48.16,2,69,0.6526041666666667,0.12314814814814815,0.6661458333333333,0.18888888888888888
1204,48.16,2,93,0.6921875,0.3,0.7270833333333333,0.43333333333333335
1204,48.16,2,100,0.5734375,0.25925925925925924,0.6088541666666667,0.41574074074074074
1204,48.16,3,12,0.8963541666666667,0.18796296296296297,0.9901041666666667,0.2824074074074074
1204,48.16,3,13,0.8239583333333333,0.11944444444444445,0.8880208333333334,0.1925925925925926
1204,48.16,3,67,0.7770833333333333,0.08055555555555556,0.8322916666666667,0.14907407407407408
1204,48.16,3,102,0.7859375,0.10740740740740741,0.8364583333333333,0.15092592592592594
1204,48.16,0,103,0.6557291666666667,0.12407407407407407,0.6619791666666667,0.137037037037037
1205,48.2,0,94,0.7036458333333333,0.2962962962962963,0.7151041666666667,0.31574074074074077
1205,48.2,0,99,0.5838541666666667,0.25462962962962965,0.5953125,0.2759259259259259
1205,48.2,0,103,0.6546875,0.12314814814814815,0.6609375,0.13518518518518519
1205,48.2,2,69,0.6520833333333333,0.12222222222222222,0.6651041666666667,0.18981481481481483
1205,48.2,2,93,0.6880208333333333,0.2962962962962963,0.7255208333333333,0.425
1205,48.2,2,100,0.571875,0.25462962962962965,0.6046875,0.39351851851851855
1205,48.2,3,12,0.8963541666666667,0.18796296296296297,0.9895833333333334,0.2824074074074074
1205,48.2,3,13,0.8239583333333333,0.11944444444444445,0.8880208333333334,0.19166666666666668
1205,48.2,3,67,0.7770833333333333,0.08055555555555556,0.8322916666666667,0.14907407407407408
1205,48.2,3,102,0.7869791666666667,0.10740740740740741,0.8364583333333333,0.15092592592592594
1206,48.24,0,94,0.703125,0.2962962962962963,0.7135416666666666,0.31666666666666665
1206,48.24,0,99,0.5833333333333334,0.2518518518518518,0.5947916666666667,0.27314814814814814
1206,48.24,0,103,0.6546875,0.12314814814814815,0.6604166666666667,0.13518518518518519
1206,48.24,2,69,0.6515625,0.12222222222222222,0.6651041666666667,0.18981481481481483
1206,48.24,2,93,0.6890625,0.2962962962962963,0.7239583333333334,0.42314814814814816
1206,48.24,2,100,0.5708333333333333,0.2518518518518518,0.6041666666666666,0.3962962962962963
1206,48.24,3,12,0.8963541666666667,0.18796296296296297,0.9895833333333334,0.2824074074074074
1206,48.24,3,13,0.8239583333333333,0.11944444444444445,0.8880208333333334,0.19166666666666668
1206,48.24,3,67,0.7770833333333333,0.08055555555555556,0.8322916666666667,0.14907407407407408
1206,48.24,3,102,0.7864583333333334,0.10740740740740741,0.8364583333333333,0.15092592592592594
1207,48.28,0,94,0.7026041666666667,0.29444444444444445,0.7130208333333333,0.3138888888888889
1207,48.28,0,99,0.5822916666666667,0.25,0.59375,0.2722222222222222
1207,48.28,0,103,0.6541666666666667,0.12222222222222222,0.6604166666666667,0.13518518518518519
1207,48.28,2,69,0.6510416666666666,0.12129629629629629,0.6651041666666667,0.18981481481481483
1207,48.28,2,93,0.6869791666666667,0.29444444444444445,0.7234375,0.4185185185185185
1207,48.28,2,100,0.5697916666666667,0.25092592592592594,0.603125,0.3888888888888889
1207,48.28,3,12,0.8963541666666667,0.18796296296296297,0.9895833333333334,0.2824074074074074
1207,48.28,3,13,0.8239583333333333,0.11944444444444445,0.8880208333333334,0.19166666666666668
1207,48.28,3,67,0.7770833333333333,0.08055555555555556,0.8322916666666667,0.14907407407407408
1207,48.28,3,102,0.7848958333333333,0.10648148148148148,0.8364583333333333,0.15092592592592594
1208,48.32,0,94,0.7020833333333333,0.2935185185185185,0.7125,0.3138888888888889
1208,48.32,0,99,0.5817708333333333,0.24814814814814815,0.5927083333333333,0.27037037037037037
1208,48.32,0,103,0.6541666666666667,0.12222222222222222,0.6604166666666667,0.13518518518518519
1208,48.32,2,69,0.6510416666666666,0.12129629629629629,0.6645833333333333,0.18981481481481483
1208,48.32,2,93,0.6875,0.2935185185185185,0.7223958333333333,0.41388888888888886
1208,48.32,2,100,0.5697916666666667,0.24814814814814815,0.6026041666666667,0.39166666666666666
1208,48.32,3,12,0.8963541666666667,0.18796296296296297,0.9895833333333334,0.2824074074074074
1208,48.32,3,13,0.8239583333333333,0.11944444444444445,0.8880208333333334,0.19166666666666668
1208,48.32,3,67,0.7770833333333333,0.08055555555555556,0.8322916666666667,0.14907407407407408
1208,48.32,3,102,0.784375,0.10648148148148148,0.8364583333333333,0.15092592592592594
1209,48.36,0,94,0.7015625,0.29259259259259257,0.7119791666666667,0.31203703703703706
1209,48.36,0,99,0.5807291666666666,0.24444444444444444,0.5916666666666667,0.26666666666666666
1209,48.36,0,103,0.6541666666666667,0.12314814814814815,0.6598958333333333,0.13518518518518519
1209,48.36,2,69,0.6510416666666666,0.12129629629629629,0.6640625,0.18981481481481483
1209,48.36,2,93,0.6880208333333333,0.2916666666666667,0.721875,0.41203703703703703
1209,48.36,2,100,0.5697916666666667,0.24444444444444444,0.6,0.39166666666666666
1209,48.36,3,12,0.8963541666666667,0.18796296296296297,0.9895833333333334,0.2824074074074074
1209,48.36,3,13,0.8239583333333333,0.11944444444444445,0.8880208333333334,0.19166666666666668
1209,48.36,3,67,0.7770833333333333,0.08055555555555556,0.8322916666666667,0.14907407407407408
1209,48.36,3,102,0.7921875,0.10740740740740741,0.8364583333333333,0.15092592592592594
1210,48.4,0,94,0.7,0.287962962962963,0.7109375,0.30648148148148147
1210,48.4,0,99,0.5802083333333333,0.23981481481481481,0.590625,0.2601851851851852
1210,48.4,2,69,0.65,0.12129629629629629,0.6635416666666667,0.19074074074074074
1210,48.4,2,93,0.6875,0.28888888888888886,0.7203125,0.40925925925925927
1210,48.4,2,100,0.5697916666666667,0.23981481481481481,0.5979166666666667,0.3861111111111111
1210,48.4,3,12,0.8963541666666667,0.18796296296296297,0.9895833333333334,0.2824074074074074
1210,48.4,3,13,0.8239583333333333,0.11944444444444445,0.8880208333333334,0.19166666666666668
1210,48.4,3,67,0.7770833333333333,0.08055555555555556,0.8322916666666667,0.14907407407407408
1210,48.4,3,102,0.7911458333333333,0.10740740740740741,0.8364583333333333,0.15092592592592594
1210,48.4,0,103,0.6531250000000001,0.12314814814814815,0.6588541666666667,0.13518518518518519
1211,48.44,0,94,0.6989583333333333,0.28703703703703703,0.7104166666666667,0.30648148148148147
1211,48.44,0,99,0.5791666666666667,0.23796296296296296,0.5901041666666667,0.2574074074074074
1211,48.44,0,103,0.6526041666666667,0.12222222222222222,0.6588541666666666,0.13518518518518519
1211,48.44,2,69,0.65,0.12129629629629629,0.6635416666666667,0.19074074074074074
1211,48.44,2,93,0.6859375,0.28703703703703703,0.7197916666666667,0.4074074074074074
1211,48.44,2,100,0.5692708333333333,0.23796296296296296,0.5979166666666667,0.3768518518518518
1211,48.44,3,12,0.8963541666666667,0.18796296296296297,0.9895833333333334,0.2824074074074074
1211,48.44,3,13,0.8239583333333333,0.11944444444444445,0.8880208333333334,0.19166666666666668
1211,48.44,3,67,0.7770833333333333,0.08055555555555556,0.8322916666666667,0.14907407407407408
1211,48.44,3,102,0.7911458333333333,0.10740740740740741,0.8364583333333333,0.15092592592592594
1212,48.48,0,94,0.6984375,0.2861111111111111,0.7088541666666667,0.30462962962962964
1212,48.48,0,99,0.5791666666666667,0.23703703703703705,0.5895833333333333,0.25555555555555554
1212,48.48,0,103,0.6526041666666667,0.12222222222222222,0.6588541666666666,0.13518518518518519
1212,48.48,2,69,0.65,0.12129629629629629,0.6635416666666667,0.18981481481481483
1212,48.48,2,93,0.6859375,0.2851851851851852,0.7192708333333333,0.40555555555555556
1212,48.48,2,100,0.5682291666666667,0.2361111111111111,0.5963541666666666,0.37407407407407406
1212,48.48,3,12,0.8963541666666667,0.18796296296296297,0.9895833333333334,0.2824074074074074
1212,48.48,3,13,0.8239583333333333,0.11944444444444445,0.8880208333333334,0.19166666666666668
1212,48.48,3,67,0.7770833333333333,0.08055555555555556,0.8322916666666667,0.14907407407407408
1212,48.48,3,102,0.7911458333333333,0.10740740740740741,0.8364583333333333,0.15092592592592594
1213,48.52,0,94,0.6979166666666666,0.28425925925925927,0.7083333333333334,0.30185185185185187
1213,48.52,0,99,0.5786458333333333,0.2351851851851852,0.5885416666666666,0.2537037037037037
1213,48.52,0,103,0.6515625,0.12314814814814815,0.6578125,0.1361111111111111
1213,48.52,2,69,0.6489583333333333,0.12222222222222222,0.6635416666666667,0.18888888888888888
1213,48.52,2,93,0.6859375,0.2833333333333333,0.7182291666666667,0.40370370370370373
1213,48.52,2,100,0.5677083333333334,0.23425925925925925,0.5963541666666666,0.3675925925925926
1213,48.52,3,12,0.8963541666666667,0.18796296296296297,0.9895833333333334,0.2824074074074074
1213,48.52,3,13,0.8239583333333333,0.11944444444444445,0.8880208333333334,0.19166666666666668
1213,48.52,3,67,0.7770833333333333,0.08055555555555556,0.8322916666666667,0.14907407407407408
1213,48.52,3,102,0.7927083333333333,0.10740740740740741,0.8364583333333333,0.15092592592592594
1214,48.56,0,94,0.696875,0.2833333333333333,0.7072916666666667,0.30092592592592593
1214,48.56,0,99,0.5776041666666667,0.2324074074074074,0.5875,0.25092592592592594
1214,48.56,0,103,0.6515625,0.12314814814814815,0.6578125,0.1361111111111111
1214,48.56,2,69,0.6489583333333333,0.12129629629629629,0.6625,0.18703703703703703
1214,48.56,2,93,0.6854166666666667,0.2824074074074074,0.7177083333333333,0.4027777777777778
1214,48.56,2,100,0.5677083333333334,0.23148148148148148,0.5953125,0.3685185185185185
1214,48.56,3,12,0.8963541666666667,0.18796296296296297,0.9895833333333334,0.2824074074074074
1214,48.56,3,13,0.8239583333333333,0.11944444444444445,0.8880208333333334,0.19166666666666668
1214,48.56,3,102,0.7921875,0.11018518518518519,0.8364583333333333,0.15092592592592594
1215,48.6,0,94,0.696875,0.2833333333333333,0.7072916666666667,0.30092592592592593
1215,48.6,0,99,0.5776041666666667,0.22777777777777777,0.5869791666666667,0.2462962962962963
1215,48.6,0,103,0.6515625,0.12314814814814815,0.6578125,0.1361111111111111
1215,48.6,2,69,0.6479166666666667,0.12222222222222222,0.6619791666666667,0.18611111111111112
1215,48.6,2,93,0.6838541666666667,0.27870370370370373,0.7166666666666667,0.4
1215,48.6,2,100,0.5682291666666667,0.22777777777777777,0.5947916666666667,0.36666666666666664
1215,48.6,3,12,0.8963541666666667,0.18796296296296297,0.9895833333333334,0.2824074074074074
1215,48.6,3,13,0.8239583333333333,0.11944444444444445,0.8880208333333334,0.1925925925925926
1215,48.6,3,102,0.7916666666666666,0.11018518518518519,0.8364583333333333,0.15092592592592594
1216,48.64,0,94,0.696875,0.2833333333333333,0.7072916666666667,0.30092592592592593
1216,48.64,0,99,0.5765625,0.22592592592592592,0.5864583333333333,0.2462962962962963
1216,48.64,2,69,0.646875,0.11944444444444445,0.6619791666666667,0.18888888888888888
1216,48.64,2,93,0.6828125,0.27685185185185185,0.715625,0.3962962962962963
1216,48.64,2,100,0.5682291666666667,0.225,0.5947916666666667,0.3648148148148148
1216,48.64,3,12,0.8963541666666667,0.18796296296296297,0.9895833333333334,0.2824074074074074
1216,48.64,3,13,0.8239583333333333,0.11944444444444445,0.8880208333333334,0.1925925925925926
1216,48.64,3,102,0.7916666666666666,0.11018518518518519,0.8364583333333333,0.15092592592592594
1216,48.64,0,103,0.6505208333333333,0.12037037037037038,0.6567708333333333,0.13333333333333333
1217,48.68,0,94,0.6932291666666667,0.2777777777777778,0.7041666666666667,0.2972222222222222
1217,48.68,0,99,0.5765625,0.22407407407407406,0.5864583333333333,0.24537037037037038
1217,48.68,2,69,0.646875,0.11944444444444445,0.6619791666666667,0.18981481481481483
1217,48.68,2,93,0.6828125,0.27685185185185185,0.7145833333333333,0.3972222222222222
1217,48.68,2,100,0.5677083333333334,0.22314814814814815,0.59375,0.36203703703703705
1217,48.68,3,12,0.8963541666666667,0.18796296296296297,0.9895833333333334,0.2824074074074074
1217,48.68,3,13,0.8239583333333333,0.11944444444444445,0.8880208333333334,0.1925925925925926
1217,48.68,3,102,0.7916666666666666,0.11018518518518519,0.8364583333333333,0.15092592592592594
1217,48.68,0,103,0.6505208333333333,0.12037037037037038,0.6567708333333333,0.13333333333333333
1218,48.72,0,94,0.6927083333333334,0.27685185185185185,0.7041666666666667,0.2953703703703704
1218,48.72,0,99,0.5760416666666667,0.22037037037037038,0.5854166666666667,0.24074074074074073
1218,48.72,2,69,0.646875,0.12037037037037036,0.6609375,0.18518518518518517
1218,48.72,2,93,0.6822916666666666,0.2759259259259259,0.7140625,0.39537037037037037
1218,48.72,2,100,0.5682291666666667,0.22037037037037038,0.5932291666666667,0.35648148148148145
1218,48.72,3,12,0.8963541666666667,0.18796296296296297,0.9895833333333334,0.2824074074074074
1218,48.72,3,13,0.8239583333333333,0.11944444444444445,0.8880208333333334,0.1925925925925926
1218,48.72,3,102,0.790625,0.10740740740740741,0.8364583333333333,0.15092592592592594
1218,48.72,0,103,0.6505208333333333,0.12129629629629629,0.6567708333333333,0.13425925925925924
1219,48.76,0,94,0.6927083333333334,0.275,0.7026041666666667,0.29444444444444445
1219,48.76,0,99,0.5755208333333334,0.21851851851851853,0.5848958333333333,0.23796296296296296
1219,48.76,2,69,0.6458333333333334,0.12037037037037036,0.6604166666666667,0.18703703703703703
1219,48.76,2,93,0.68125,0.275,0.7135416666666666,0.39166666666666666
1219,48.76,2,100,0.5682291666666667,0.2175925925925926,0.5927083333333333,0.35462962962962963
1219,48.76,3,12,0.8963541666666667,0.18796296296296297,0.9895833333333334,0.2824074074074074
1219,48.76,3,13,0.8239583333333333,0.11944444444444445,0.8880208333333334,0.1925925925925926
1219,48.76,3,102,0.7911458333333333,0.10740740740740741,0.8364583333333333,0.15092592592592594
1219,48.76,0,103,0.6494791666666667,0.12129629629629629,0.6557291666666667,0.13425925925925924
